0.0 0.461
0.0 0.342
0.0 0.342
0.0 0.341
1.0 0.344
0.0 0.462
0.0 0.340
0.0 0.346
1.0 0.342
0.0 0.345
0.0 0.340
0.0 0.346
0.0 0.344
0.0 0.347
0.0 0.347
0.0 0.344
0.0 0.354
0.0 0.345
0.0 0.342
0.0 0.341
0.0 0.342
0.0 0.351
0.0 0.344
0.0 0.351
0.0 0.463
0.0 0.352
0.0 0.342
0.0 0.353
0.0 0.349
0.0 0.346
0.0 0.341
0.0 0.344
0.0 0.345
0.0 0.347
0.0 0.340
0.0 0.344
0.0 0.345
0.0 0.346
0.0 0.345
0.0 0.344
0.0 0.348
0.0 0.342
0.0 0.345
0.0 0.346
0.0 0.346
0.0 0.345
1.0 0.348
0.0 0.344
1.0 0.465
0.0 0.344
0.0 0.354
0.0 0.353
0.0 0.346
0.0 0.350
0.0 0.346
0.0 0.349
0.0 0.350
0.0 0.341
1.0 0.464
1.0 0.466
0.0 0.345
0.0 0.463
0.0 0.343
0.0 0.343
0.0 0.462
0.0 0.349
0.0 0.352
0.0 0.350
0.0 0.347
0.0 0.343
1.0 0.347
0.0 0.465
0.0 0.339
1.0 0.342
0.0 0.345
0.0 0.342
1.0 0.351
0.0 0.343
0.0 0.347
0.0 0.343
0.0 0.347
0.0 0.348
0.0 0.342
1.0 0.344
0.0 0.347
0.0 0.346
0.0 0.342
0.0 0.348
1.0 0.343
0.0 0.344
0.0 0.347
0.0 0.343
0.0 0.345
0.0 0.343
0.0 0.339
1.0 0.348
0.0 0.341
1.0 0.344
1.0 0.344
0.0 0.466
0.0 0.346
0.0 0.348
0.0 0.343
1.0 0.345
0.0 0.340
0.0 0.345
0.0 0.347
0.0 0.341
0.0 0.340
1.0 0.345
0.0 0.347
0.0 0.344
0.0 0.342
0.0 0.349
0.0 0.344
1.0 0.346
0.0 0.346
0.0 0.344
1.0 0.347
0.0 0.349
0.0 0.340
0.0 0.341
0.0 0.351
0.0 0.344
0.0 0.340
1.0 0.350
0.0 0.345
0.0 0.348
0.0 0.340
0.0 0.344
0.0 0.466
1.0 0.346
0.0 0.342
0.0 0.345
0.0 0.342
1.0 0.345
0.0 0.345
0.0 0.350
0.0 0.351
1.0 0.348
0.0 0.342
0.0 0.342
0.0 0.354
0.0 0.344
0.0 0.345
0.0 0.341
0.0 0.345
0.0 0.346
0.0 0.344
0.0 0.356
0.0 0.343
0.0 0.341
0.0 0.341
0.0 0.345
1.0 0.344
0.0 0.345
0.0 0.343
0.0 0.350
0.0 0.463
0.0 0.355
0.0 0.341
0.0 0.349
0.0 0.355
0.0 0.345
0.0 0.342
0.0 0.345
0.0 0.353
0.0 0.338
0.0 0.338
0.0 0.463
0.0 0.345
1.0 0.349
0.0 0.350
0.0 0.464
0.0 0.353
0.0 0.345
0.0 0.347
1.0 0.464
0.0 0.346
0.0 0.345
1.0 0.347
0.0 0.346
0.0 0.344
1.0 0.346
0.0 0.351
1.0 0.343
0.0 0.345
0.0 0.342
0.0 0.345
1.0 0.465
0.0 0.341
0.0 0.347
0.0 0.347
0.0 0.346
0.0 0.344
1.0 0.463
0.0 0.346
0.0 0.342
0.0 0.347
0.0 0.342
0.0 0.349
0.0 0.346
0.0 0.345
0.0 0.342
1.0 0.466
0.0 0.342
0.0 0.348
0.0 0.343
0.0 0.345
0.0 0.348
1.0 0.346
0.0 0.345
0.0 0.345
0.0 0.344
0.0 0.343
0.0 0.347
0.0 0.341
0.0 0.345
0.0 0.344
0.0 0.340
0.0 0.346
0.0 0.343
0.0 0.344
0.0 0.347
0.0 0.343
1.0 0.342
0.0 0.342
0.0 0.343
0.0 0.350
0.0 0.346
0.0 0.349
0.0 0.340
0.0 0.342
0.0 0.344
0.0 0.351
0.0 0.345
0.0 0.345
0.0 0.350
0.0 0.466
0.0 0.347
0.0 0.345
0.0 0.344
0.0 0.343
0.0 0.351
0.0 0.340
0.0 0.462
0.0 0.344
0.0 0.347
0.0 0.345
0.0 0.344
0.0 0.343
0.0 0.346
0.0 0.345
0.0 0.341
1.0 0.469
0.0 0.340
1.0 0.347
0.0 0.346
0.0 0.343
0.0 0.342
0.0 0.344
0.0 0.340
0.0 0.349
0.0 0.343
0.0 0.343
0.0 0.346
0.0 0.345
0.0 0.344
0.0 0.342
0.0 0.344
1.0 0.351
0.0 0.338
0.0 0.348
0.0 0.346
0.0 0.344
0.0 0.346
1.0 0.349
0.0 0.350
0.0 0.352
0.0 0.344
0.0 0.341
0.0 0.346
0.0 0.339
1.0 0.347
0.0 0.461
0.0 0.344
0.0 0.340
0.0 0.349
0.0 0.348
0.0 0.341
0.0 0.341
1.0 0.346
0.0 0.340
0.0 0.347
0.0 0.462
0.0 0.347
0.0 0.464
0.0 0.348
0.0 0.464
0.0 0.357
0.0 0.349
0.0 0.348
0.0 0.344
1.0 0.342
1.0 0.345
0.0 0.347
0.0 0.348
0.0 0.346
0.0 0.339
0.0 0.343
0.0 0.341
1.0 0.344
0.0 0.345
0.0 0.462
0.0 0.348
0.0 0.344
0.0 0.346
0.0 0.342
0.0 0.340
0.0 0.349
0.0 0.342
0.0 0.346
0.0 0.467
0.0 0.349
0.0 0.345
0.0 0.345
0.0 0.464
0.0 0.345
0.0 0.351
0.0 0.345
0.0 0.342
0.0 0.344
1.0 0.344
0.0 0.348
0.0 0.342
0.0 0.344
0.0 0.341
0.0 0.344
0.0 0.345
0.0 0.341
0.0 0.349
0.0 0.345
0.0 0.461
0.0 0.344
0.0 0.345
0.0 0.341
0.0 0.346
0.0 0.340
0.0 0.339
0.0 0.344
0.0 0.347
0.0 0.338
0.0 0.342
0.0 0.345
0.0 0.346
0.0 0.343
0.0 0.461
0.0 0.348
0.0 0.461
1.0 0.344
0.0 0.342
0.0 0.349
0.0 0.343
0.0 0.464
0.0 0.346
0.0 0.349
0.0 0.348
0.0 0.342
0.0 0.344
0.0 0.342
0.0 0.345
0.0 0.340
0.0 0.343
0.0 0.344
0.0 0.347
0.0 0.343
0.0 0.464
0.0 0.345
0.0 0.345
0.0 0.343
0.0 0.340
1.0 0.344
0.0 0.347
0.0 0.344
0.0 0.348
0.0 0.344
0.0 0.345
0.0 0.346
0.0 0.355
0.0 0.345
0.0 0.342
0.0 0.348
0.0 0.340
0.0 0.350
0.0 0.348
0.0 0.343
0.0 0.341
0.0 0.344
0.0 0.346
0.0 0.462
0.0 0.353
0.0 0.346
0.0 0.347
0.0 0.463
0.0 0.342
0.0 0.340
0.0 0.346
0.0 0.347
0.0 0.462
0.0 0.344
0.0 0.339
1.0 0.343
0.0 0.345
0.0 0.344
0.0 0.348
0.0 0.342
0.0 0.343
0.0 0.344
0.0 0.343
0.0 0.340
0.0 0.347
0.0 0.339
0.0 0.348
0.0 0.342
0.0 0.345
0.0 0.342
0.0 0.343
0.0 0.339
0.0 0.349
0.0 0.350
0.0 0.344
0.0 0.341
0.0 0.345
0.0 0.341
0.0 0.346
1.0 0.345
0.0 0.345
1.0 0.343
0.0 0.350
0.0 0.340
0.0 0.344
0.0 0.464
0.0 0.345
0.0 0.342
0.0 0.351
0.0 0.344
1.0 0.349
0.0 0.343
0.0 0.352
0.0 0.343
0.0 0.341
0.0 0.460
0.0 0.343
0.0 0.347
0.0 0.345
0.0 0.347
0.0 0.345
0.0 0.358
0.0 0.340
0.0 0.464
0.0 0.464
0.0 0.349
0.0 0.349
0.0 0.347
0.0 0.359
0.0 0.347
0.0 0.341
1.0 0.345
0.0 0.345
0.0 0.342
0.0 0.343
0.0 0.341
0.0 0.345
0.0 0.346
0.0 0.348
1.0 0.345
0.0 0.461
0.0 0.348
0.0 0.344
0.0 0.348
0.0 0.345
0.0 0.343
0.0 0.352
0.0 0.345
0.0 0.345
0.0 0.344
0.0 0.343
1.0 0.461
0.0 0.348
0.0 0.343
0.0 0.347
0.0 0.348
0.0 0.339
0.0 0.350
0.0 0.346
0.0 0.342
0.0 0.343
0.0 0.343
0.0 0.340
0.0 0.340
0.0 0.466
0.0 0.344
0.0 0.346
0.0 0.463
0.0 0.348
0.0 0.340
0.0 0.339
1.0 0.346
0.0 0.348
0.0 0.467
0.0 0.344
1.0 0.463
0.0 0.343
0.0 0.344
0.0 0.344
0.0 0.342
0.0 0.353
0.0 0.341
0.0 0.344
0.0 0.346
0.0 0.351
0.0 0.338
0.0 0.347
0.0 0.347
0.0 0.342
1.0 0.347
0.0 0.345
0.0 0.342
0.0 0.348
0.0 0.344
0.0 0.466
0.0 0.467
0.0 0.351
0.0 0.464
0.0 0.467
0.0 0.343
0.0 0.342
0.0 0.347
0.0 0.341
0.0 0.343
0.0 0.345
0.0 0.339
0.0 0.467
0.0 0.342
0.0 0.343
0.0 0.340
0.0 0.345
0.0 0.341
0.0 0.345
0.0 0.350
1.0 0.463
0.0 0.352
0.0 0.341
1.0 0.341
0.0 0.347
0.0 0.343
1.0 0.343
0.0 0.342
1.0 0.345
0.0 0.349
0.0 0.342
0.0 0.351
0.0 0.347
0.0 0.344
0.0 0.342
0.0 0.343
0.0 0.346
0.0 0.346
0.0 0.343
0.0 0.347
0.0 0.346
0.0 0.348
0.0 0.340
1.0 0.345
0.0 0.353
0.0 0.351
0.0 0.344
1.0 0.346
0.0 0.345
0.0 0.349
0.0 0.345
0.0 0.346
0.0 0.339
0.0 0.342
0.0 0.346
0.0 0.349
0.0 0.343
0.0 0.346
0.0 0.346
0.0 0.344
0.0 0.352
0.0 0.343
0.0 0.346
0.0 0.347
0.0 0.343
0.0 0.351
0.0 0.343
0.0 0.346
1.0 0.345
1.0 0.466
0.0 0.342
0.0 0.349
0.0 0.344
0.0 0.343
0.0 0.345
0.0 0.347
0.0 0.344
0.0 0.343
0.0 0.342
1.0 0.344
1.0 0.468
0.0 0.351
0.0 0.343
0.0 0.347
0.0 0.348
1.0 0.345
1.0 0.347
0.0 0.346
0.0 0.344
0.0 0.352
0.0 0.342
0.0 0.342
1.0 0.347
0.0 0.345
0.0 0.462
0.0 0.342
0.0 0.343
0.0 0.340
0.0 0.341
0.0 0.343
0.0 0.344
0.0 0.342
0.0 0.342
0.0 0.339
0.0 0.345
0.0 0.349
0.0 0.343
0.0 0.463
0.0 0.347
0.0 0.345
0.0 0.339
0.0 0.347
0.0 0.344
0.0 0.343
0.0 0.344
0.0 0.344
0.0 0.343
0.0 0.346
0.0 0.348
0.0 0.350
0.0 0.463
0.0 0.343
0.0 0.341
0.0 0.339
0.0 0.345
1.0 0.357
0.0 0.343
0.0 0.345
0.0 0.344
0.0 0.345
0.0 0.346
0.0 0.345
1.0 0.346
0.0 0.343
1.0 0.343
0.0 0.348
0.0 0.348
0.0 0.349
0.0 0.351
1.0 0.344
0.0 0.343
0.0 0.340
0.0 0.345
1.0 0.345
0.0 0.341
0.0 0.344
1.0 0.343
0.0 0.343
0.0 0.343
0.0 0.344
0.0 0.348
0.0 0.347
0.0 0.344
0.0 0.342
1.0 0.347
0.0 0.342
0.0 0.343
0.0 0.345
0.0 0.350
1.0 0.469
0.0 0.339
0.0 0.344
0.0 0.343
0.0 0.344
0.0 0.345
0.0 0.339
0.0 0.346
0.0 0.347
0.0 0.464
0.0 0.343
0.0 0.343
0.0 0.341
0.0 0.341
0.0 0.342
0.0 0.343
0.0 0.343
0.0 0.345
0.0 0.349
0.0 0.341
1.0 0.467
0.0 0.345
1.0 0.343
0.0 0.344
0.0 0.347
0.0 0.340
0.0 0.340
1.0 0.463
0.0 0.343
0.0 0.344
0.0 0.339
0.0 0.344
0.0 0.342
0.0 0.343
0.0 0.343
0.0 0.355
0.0 0.343
0.0 0.342
1.0 0.464
0.0 0.350
0.0 0.342
0.0 0.342
1.0 0.345
1.0 0.452
0.0 0.466
0.0 0.343
1.0 0.463
0.0 0.344
0.0 0.343
0.0 0.341
1.0 0.462
0.0 0.339
0.0 0.344
0.0 0.344
0.0 0.349
0.0 0.343
0.0 0.466
0.0 0.344
0.0 0.342
0.0 0.344
0.0 0.353
0.0 0.346
0.0 0.341
0.0 0.343
0.0 0.343
0.0 0.340
0.0 0.346
0.0 0.349
0.0 0.341
0.0 0.346
0.0 0.346
0.0 0.343
0.0 0.349
0.0 0.352
0.0 0.462
0.0 0.342
0.0 0.341
0.0 0.344
0.0 0.353
0.0 0.346
1.0 0.462
0.0 0.342
0.0 0.345
1.0 0.346
0.0 0.346
0.0 0.344
0.0 0.344
0.0 0.346
1.0 0.343
0.0 0.345
0.0 0.342
0.0 0.345
0.0 0.346
0.0 0.356
0.0 0.345
0.0 0.461
0.0 0.347
0.0 0.343
0.0 0.344
0.0 0.351
0.0 0.342
0.0 0.347
0.0 0.344
0.0 0.344
0.0 0.467
0.0 0.342
0.0 0.349
0.0 0.357
0.0 0.346
0.0 0.346
0.0 0.342
0.0 0.463
0.0 0.339
0.0 0.345
0.0 0.344
0.0 0.463
0.0 0.349
0.0 0.345
0.0 0.348
0.0 0.344
0.0 0.344
1.0 0.345
0.0 0.462
0.0 0.347
0.0 0.345
0.0 0.351
0.0 0.345
0.0 0.345
0.0 0.343
0.0 0.346
1.0 0.345
0.0 0.345
1.0 0.349
0.0 0.345
0.0 0.463
1.0 0.463
1.0 0.346
0.0 0.341
0.0 0.346
0.0 0.342
0.0 0.346
0.0 0.345
0.0 0.340
0.0 0.342
0.0 0.339
0.0 0.344
0.0 0.351
0.0 0.343
0.0 0.354
0.0 0.345
0.0 0.341
0.0 0.342
0.0 0.341
0.0 0.347
0.0 0.339
1.0 0.348
0.0 0.341
0.0 0.341
0.0 0.344
0.0 0.345
0.0 0.342
0.0 0.346
0.0 0.345
0.0 0.357
1.0 0.350
0.0 0.342
0.0 0.343
0.0 0.339
0.0 0.343
1.0 0.347
1.0 0.349
0.0 0.341
0.0 0.344
0.0 0.345
0.0 0.348
0.0 0.343
0.0 0.341
0.0 0.345
0.0 0.344
0.0 0.341
0.0 0.344
0.0 0.345
0.0 0.341
0.0 0.345
0.0 0.344
0.0 0.345
0.0 0.350
0.0 0.342
0.0 0.344
0.0 0.341
0.0 0.348
1.0 0.347
1.0 0.346
0.0 0.344
0.0 0.342
0.0 0.345
0.0 0.347
0.0 0.344
0.0 0.345
0.0 0.343
1.0 0.345
0.0 0.345
1.0 0.348
0.0 0.348
0.0 0.351
0.0 0.346
0.0 0.346
0.0 0.342
0.0 0.343
1.0 0.346
1.0 0.348
0.0 0.346
0.0 0.466
0.0 0.347
0.0 0.341
0.0 0.350
0.0 0.344
0.0 0.341
1.0 0.463
0.0 0.342
0.0 0.341
1.0 0.344
0.0 0.345
0.0 0.342
0.0 0.462
0.0 0.346
0.0 0.345
0.0 0.346
0.0 0.342
1.0 0.349
0.0 0.467
1.0 0.345
0.0 0.343
0.0 0.342
0.0 0.345
0.0 0.340
0.0 0.347
0.0 0.348
0.0 0.349
0.0 0.346
1.0 0.344
0.0 0.344
0.0 0.352
1.0 0.344
0.0 0.343
1.0 0.340
0.0 0.344
0.0 0.343
0.0 0.346
0.0 0.342
0.0 0.344
1.0 0.343
0.0 0.342
0.0 0.347
0.0 0.346
0.0 0.341
0.0 0.364
0.0 0.343
0.0 0.347
0.0 0.345
0.0 0.344
0.0 0.341
0.0 0.346
0.0 0.343
1.0 0.349
0.0 0.343
0.0 0.350
0.0 0.339
0.0 0.347
0.0 0.344
0.0 0.348
0.0 0.345
0.0 0.340
0.0 0.342
0.0 0.345
0.0 0.346
0.0 0.347
0.0 0.341
1.0 0.347
0.0 0.341
0.0 0.339
0.0 0.342
0.0 0.342
0.0 0.356
1.0 0.343
0.0 0.464
0.0 0.357
0.0 0.344
0.0 0.343
0.0 0.342
0.0 0.346
0.0 0.340
0.0 0.346
0.0 0.338
1.0 0.466
0.0 0.351
0.0 0.344
0.0 0.345
0.0 0.343
1.0 0.346
0.0 0.340
0.0 0.342
0.0 0.343
0.0 0.349
0.0 0.340
0.0 0.343
0.0 0.346
0.0 0.342
1.0 0.348
0.0 0.342
0.0 0.350
0.0 0.341
0.0 0.343
0.0 0.340
0.0 0.350
0.0 0.347
0.0 0.339
0.0 0.346
0.0 0.344
0.0 0.341
0.0 0.344
0.0 0.349
0.0 0.340
0.0 0.346
0.0 0.344
0.0 0.344
0.0 0.341
0.0 0.348
0.0 0.345
0.0 0.344
0.0 0.341
0.0 0.346
0.0 0.345
0.0 0.351
0.0 0.346
0.0 0.345
1.0 0.463
0.0 0.342
0.0 0.346
0.0 0.345
0.0 0.346
1.0 0.348
0.0 0.346
1.0 0.354
0.0 0.347
0.0 0.343
0.0 0.350
0.0 0.342
0.0 0.339
0.0 0.344
1.0 0.465
1.0 0.463
0.0 0.462
0.0 0.344
0.0 0.340
0.0 0.462
1.0 0.460
0.0 0.342
0.0 0.344
0.0 0.345
0.0 0.345
0.0 0.347
0.0 0.346
1.0 0.343
0.0 0.348
0.0 0.347
0.0 0.342
0.0 0.343
1.0 0.461
1.0 0.347
0.0 0.341
0.0 0.341
0.0 0.348
0.0 0.344
0.0 0.340
0.0 0.344
0.0 0.344
0.0 0.346
0.0 0.346
0.0 0.343
1.0 0.345
1.0 0.460
0.0 0.340
0.0 0.344
0.0 0.345
0.0 0.351
0.0 0.343
0.0 0.343
0.0 0.345
0.0 0.342
0.0 0.345
0.0 0.347
0.0 0.342
0.0 0.348
0.0 0.464
0.0 0.342
0.0 0.348
0.0 0.462
0.0 0.347
0.0 0.341
0.0 0.341
0.0 0.354
0.0 0.345
1.0 0.346
0.0 0.343
0.0 0.343
0.0 0.461
0.0 0.346
1.0 0.350
1.0 0.461
1.0 0.461
0.0 0.344
0.0 0.343
0.0 0.345
0.0 0.348
0.0 0.346
0.0 0.342
0.0 0.341
1.0 0.342
0.0 0.343
0.0 0.356
0.0 0.343
0.0 0.346
0.0 0.344
0.0 0.347
0.0 0.342
0.0 0.463
0.0 0.350
0.0 0.342
0.0 0.345
0.0 0.343
0.0 0.341
0.0 0.347
0.0 0.351
1.0 0.349
0.0 0.342
0.0 0.345
0.0 0.343
0.0 0.345
0.0 0.345
0.0 0.346
0.0 0.346
0.0 0.343
1.0 0.465
0.0 0.343
0.0 0.463
1.0 0.348
0.0 0.343
0.0 0.343
0.0 0.348
0.0 0.343
0.0 0.341
0.0 0.340
0.0 0.344
0.0 0.341
0.0 0.347
0.0 0.347
0.0 0.343
0.0 0.341
0.0 0.344
0.0 0.343
0.0 0.340
0.0 0.345
0.0 0.344
1.0 0.466
0.0 0.349
0.0 0.356
0.0 0.342
0.0 0.345
0.0 0.346
0.0 0.351
0.0 0.341
1.0 0.341
0.0 0.349
0.0 0.346
1.0 0.462
0.0 0.351
0.0 0.346
0.0 0.344
0.0 0.343
0.0 0.344
0.0 0.343
1.0 0.343
0.0 0.463
0.0 0.344
0.0 0.466
0.0 0.342
0.0 0.344
0.0 0.341
0.0 0.345
0.0 0.343
0.0 0.342
0.0 0.348
0.0 0.347
0.0 0.341
0.0 0.341
0.0 0.346
0.0 0.345
0.0 0.339
0.0 0.342
0.0 0.344
0.0 0.348
0.0 0.345
0.0 0.345
0.0 0.340
0.0 0.343
0.0 0.343
0.0 0.338
0.0 0.345
0.0 0.343
0.0 0.348
0.0 0.345
0.0 0.344
0.0 0.343
0.0 0.343
0.0 0.342
0.0 0.344
0.0 0.466
0.0 0.346
0.0 0.342
0.0 0.348
0.0 0.458
0.0 0.352
0.0 0.343
0.0 0.341
0.0 0.349
0.0 0.465
0.0 0.342
0.0 0.345
1.0 0.465
0.0 0.342
0.0 0.341
0.0 0.353
0.0 0.339
0.0 0.347
0.0 0.348
0.0 0.349
0.0 0.350
0.0 0.350
0.0 0.347
0.0 0.343
0.0 0.343
0.0 0.347
0.0 0.463
0.0 0.348
0.0 0.343
0.0 0.351
0.0 0.343
0.0 0.344
0.0 0.342
1.0 0.349
0.0 0.344
0.0 0.354
0.0 0.351
0.0 0.467
0.0 0.463
1.0 0.464
0.0 0.346
0.0 0.340
0.0 0.342
0.0 0.346
0.0 0.341
0.0 0.346
0.0 0.341
0.0 0.346
0.0 0.344
0.0 0.342
0.0 0.464
0.0 0.340
0.0 0.342
0.0 0.345
0.0 0.342
1.0 0.351
0.0 0.348
0.0 0.345
0.0 0.341
0.0 0.342
0.0 0.346
0.0 0.345
0.0 0.464
0.0 0.343
0.0 0.346
0.0 0.344
0.0 0.340
1.0 0.465
0.0 0.345
0.0 0.350
0.0 0.346
0.0 0.342
1.0 0.343
0.0 0.343
0.0 0.345
0.0 0.347
1.0 0.463
1.0 0.346
0.0 0.341
0.0 0.345
0.0 0.346
0.0 0.345
0.0 0.350
0.0 0.344
0.0 0.461
0.0 0.350
0.0 0.352
0.0 0.343
1.0 0.345
0.0 0.348
0.0 0.347
0.0 0.343
0.0 0.344
0.0 0.344
0.0 0.345
0.0 0.345
0.0 0.339
0.0 0.345
0.0 0.345
0.0 0.345
0.0 0.346
0.0 0.344
0.0 0.343
0.0 0.346
0.0 0.341
0.0 0.357
1.0 0.347
0.0 0.345
1.0 0.347
0.0 0.348
1.0 0.347
1.0 0.350
0.0 0.341
0.0 0.347
0.0 0.344
0.0 0.341
0.0 0.346
0.0 0.347
0.0 0.352
0.0 0.345
0.0 0.339
0.0 0.344
0.0 0.347
0.0 0.341
0.0 0.345
0.0 0.346
0.0 0.345
0.0 0.339
0.0 0.346
0.0 0.350
0.0 0.461
0.0 0.344
0.0 0.342
0.0 0.345
0.0 0.344
0.0 0.464
0.0 0.465
0.0 0.342
1.0 0.348
0.0 0.339
0.0 0.339
0.0 0.345
0.0 0.341
0.0 0.341
0.0 0.344
0.0 0.342
0.0 0.349
0.0 0.353
0.0 0.341
0.0 0.463
1.0 0.347
0.0 0.340
0.0 0.343
0.0 0.344
0.0 0.342
1.0 0.464
0.0 0.348
0.0 0.342
0.0 0.346
0.0 0.349
0.0 0.346
0.0 0.462
0.0 0.348
0.0 0.343
0.0 0.341
0.0 0.341
0.0 0.344
0.0 0.344
0.0 0.463
0.0 0.343
0.0 0.462
1.0 0.346
0.0 0.344
0.0 0.345
0.0 0.343
0.0 0.347
0.0 0.343
0.0 0.348
0.0 0.342
1.0 0.344
0.0 0.460
0.0 0.344
0.0 0.346
0.0 0.349
0.0 0.340
0.0 0.354
0.0 0.346
0.0 0.341
0.0 0.346
1.0 0.345
0.0 0.343
0.0 0.344
0.0 0.340
0.0 0.342
0.0 0.345
0.0 0.345
0.0 0.349
0.0 0.343
0.0 0.464
0.0 0.347
0.0 0.347
0.0 0.347
0.0 0.345
0.0 0.346
0.0 0.347
0.0 0.344
0.0 0.345
0.0 0.354
0.0 0.348
0.0 0.346
0.0 0.458
0.0 0.348
0.0 0.342
0.0 0.340
0.0 0.343
0.0 0.343
0.0 0.346
0.0 0.343
0.0 0.347
0.0 0.342
1.0 0.344
0.0 0.346
0.0 0.342
0.0 0.347
0.0 0.340
0.0 0.343
0.0 0.342
0.0 0.344
0.0 0.339
0.0 0.344
1.0 0.343
0.0 0.341
0.0 0.348
1.0 0.341
0.0 0.345
0.0 0.348
0.0 0.353
0.0 0.349
0.0 0.347
0.0 0.349
0.0 0.344
0.0 0.342
0.0 0.347
0.0 0.347
0.0 0.344
0.0 0.343
0.0 0.347
1.0 0.463
0.0 0.350
0.0 0.340
0.0 0.341
0.0 0.340
0.0 0.342
0.0 0.341
0.0 0.343
0.0 0.351
1.0 0.464
0.0 0.345
0.0 0.341
0.0 0.344
0.0 0.349
0.0 0.347
0.0 0.364
0.0 0.347
0.0 0.348
0.0 0.346
0.0 0.339
0.0 0.343
0.0 0.340
0.0 0.345
0.0 0.349
0.0 0.345
0.0 0.351
0.0 0.340
0.0 0.345
0.0 0.340
1.0 0.349
1.0 0.347
0.0 0.341
0.0 0.344
0.0 0.345
0.0 0.345
0.0 0.461
0.0 0.352
0.0 0.345
0.0 0.347
0.0 0.351
0.0 0.346
0.0 0.341
0.0 0.341
0.0 0.345
0.0 0.345
0.0 0.345
0.0 0.344
0.0 0.347
0.0 0.344
0.0 0.341
0.0 0.351
0.0 0.340
0.0 0.347
0.0 0.343
0.0 0.344
0.0 0.343
0.0 0.342
0.0 0.351
0.0 0.348
0.0 0.342
0.0 0.345
0.0 0.350
0.0 0.344
0.0 0.339
0.0 0.339
0.0 0.344
0.0 0.344
0.0 0.340
0.0 0.346
0.0 0.348
0.0 0.345
0.0 0.343
0.0 0.348
0.0 0.346
0.0 0.356
1.0 0.466
0.0 0.340
0.0 0.461
0.0 0.349
0.0 0.352
0.0 0.344
0.0 0.345
0.0 0.348
0.0 0.465
0.0 0.344
1.0 0.350
1.0 0.343
0.0 0.343
0.0 0.345
0.0 0.340
0.0 0.345
0.0 0.345
0.0 0.344
0.0 0.344
0.0 0.342
1.0 0.340
0.0 0.344
0.0 0.343
0.0 0.343
0.0 0.349
0.0 0.463
0.0 0.347
0.0 0.346
0.0 0.346
0.0 0.345
0.0 0.355
0.0 0.344
0.0 0.346
0.0 0.348
0.0 0.458
0.0 0.341
0.0 0.343
0.0 0.341
0.0 0.341
0.0 0.347
0.0 0.346
0.0 0.348
0.0 0.341
0.0 0.346
0.0 0.345
0.0 0.342
0.0 0.341
1.0 0.346
0.0 0.345
0.0 0.345
0.0 0.346
0.0 0.345
0.0 0.345
0.0 0.463
0.0 0.343
0.0 0.348
1.0 0.354
0.0 0.342
0.0 0.348
0.0 0.344
0.0 0.346
0.0 0.339
0.0 0.350
1.0 0.349
0.0 0.344
0.0 0.344
0.0 0.348
0.0 0.344
1.0 0.343
1.0 0.460
0.0 0.350
0.0 0.342
0.0 0.346
0.0 0.346
0.0 0.342
0.0 0.339
0.0 0.340
0.0 0.345
0.0 0.347
1.0 0.345
0.0 0.347
0.0 0.348
0.0 0.352
0.0 0.345
0.0 0.464
0.0 0.346
0.0 0.340
0.0 0.343
0.0 0.346
0.0 0.345
0.0 0.343
0.0 0.345
0.0 0.345
0.0 0.348
0.0 0.342
0.0 0.352
0.0 0.357
0.0 0.347
0.0 0.343
0.0 0.346
0.0 0.342
0.0 0.344
0.0 0.341
1.0 0.342
0.0 0.344
0.0 0.347
1.0 0.349
0.0 0.339
0.0 0.342
0.0 0.353
0.0 0.346
0.0 0.348
0.0 0.345
0.0 0.344
0.0 0.343
0.0 0.345
1.0 0.356
0.0 0.341
0.0 0.347
1.0 0.348
0.0 0.465
0.0 0.348
0.0 0.345
0.0 0.343
0.0 0.343
0.0 0.346
0.0 0.353
1.0 0.347
0.0 0.346
0.0 0.344
0.0 0.348
0.0 0.342
1.0 0.348
0.0 0.346
0.0 0.345
1.0 0.345
0.0 0.344
0.0 0.343
0.0 0.344
0.0 0.346
0.0 0.342
0.0 0.348
0.0 0.465
0.0 0.344
0.0 0.352
0.0 0.344
0.0 0.345
0.0 0.343
0.0 0.349
0.0 0.350
0.0 0.343
0.0 0.343
0.0 0.347
0.0 0.342
0.0 0.343
0.0 0.344
0.0 0.345
0.0 0.343
0.0 0.343
0.0 0.347
0.0 0.346
0.0 0.346
0.0 0.342
0.0 0.343
0.0 0.464
0.0 0.340
0.0 0.345
0.0 0.341
0.0 0.463
0.0 0.348
1.0 0.350
0.0 0.346
0.0 0.346
0.0 0.346
0.0 0.344
0.0 0.342
0.0 0.343
1.0 0.350
0.0 0.345
1.0 0.341
0.0 0.343
1.0 0.353
0.0 0.342
0.0 0.346
1.0 0.347
0.0 0.343
0.0 0.342
0.0 0.351
0.0 0.344
0.0 0.347
0.0 0.343
0.0 0.344
0.0 0.339
0.0 0.349
0.0 0.340
0.0 0.344
0.0 0.344
0.0 0.350
0.0 0.345
0.0 0.350
0.0 0.340
0.0 0.349
0.0 0.464
0.0 0.347
0.0 0.342
0.0 0.344
0.0 0.348
0.0 0.349
0.0 0.343
0.0 0.343
0.0 0.341
0.0 0.340
0.0 0.341
0.0 0.338
0.0 0.341
1.0 0.463
0.0 0.342
0.0 0.348
0.0 0.345
0.0 0.341
0.0 0.341
0.0 0.341
0.0 0.342
0.0 0.345
0.0 0.347
0.0 0.346
0.0 0.344
0.0 0.347
0.0 0.339
0.0 0.342
0.0 0.340
0.0 0.345
0.0 0.340
1.0 0.347
0.0 0.346
0.0 0.339
0.0 0.342
1.0 0.351
0.0 0.343
0.0 0.341
0.0 0.347
0.0 0.347
0.0 0.340
0.0 0.342
0.0 0.342
0.0 0.348
0.0 0.341
0.0 0.342
0.0 0.346
0.0 0.341
0.0 0.349
0.0 0.345
0.0 0.345
0.0 0.348
0.0 0.344
0.0 0.347
0.0 0.346
0.0 0.463
0.0 0.342
0.0 0.346
0.0 0.352
1.0 0.467
0.0 0.344
0.0 0.341
0.0 0.349
0.0 0.345
0.0 0.347
0.0 0.347
0.0 0.347
0.0 0.346
0.0 0.348
0.0 0.339
0.0 0.464
0.0 0.339
0.0 0.344
0.0 0.344
0.0 0.341
0.0 0.342
0.0 0.344
0.0 0.343
0.0 0.341
0.0 0.339
0.0 0.345
0.0 0.352
1.0 0.347
0.0 0.345
0.0 0.345
0.0 0.343
0.0 0.343
1.0 0.343
0.0 0.340
0.0 0.340
1.0 0.344
0.0 0.344
0.0 0.341
0.0 0.355
0.0 0.349
0.0 0.345
0.0 0.342
0.0 0.349
0.0 0.343
0.0 0.345
0.0 0.346
0.0 0.347
1.0 0.462
0.0 0.345
0.0 0.461
0.0 0.345
0.0 0.346
0.0 0.347
0.0 0.346
0.0 0.346
0.0 0.340
0.0 0.342
0.0 0.340
0.0 0.345
0.0 0.345
0.0 0.344
0.0 0.341
0.0 0.340
0.0 0.347
0.0 0.345
0.0 0.344
1.0 0.342
0.0 0.343
0.0 0.347
0.0 0.340
0.0 0.461
0.0 0.341
0.0 0.349
0.0 0.351
0.0 0.347
0.0 0.349
0.0 0.340
1.0 0.345
0.0 0.345
0.0 0.347
0.0 0.343
0.0 0.340
0.0 0.341
0.0 0.347
1.0 0.346
0.0 0.346
0.0 0.345
0.0 0.345
0.0 0.350
1.0 0.347
0.0 0.345
0.0 0.345
0.0 0.344
0.0 0.340
0.0 0.354
0.0 0.349
0.0 0.347
1.0 0.344
1.0 0.347
0.0 0.343
0.0 0.345
1.0 0.464
0.0 0.345
0.0 0.343
0.0 0.343
0.0 0.344
0.0 0.350
0.0 0.344
0.0 0.345
0.0 0.340
0.0 0.344
0.0 0.345
0.0 0.342
0.0 0.345
1.0 0.464
0.0 0.346
0.0 0.345
1.0 0.465
0.0 0.343
0.0 0.347
0.0 0.347
0.0 0.355
0.0 0.357
0.0 0.342
0.0 0.341
1.0 0.464
0.0 0.343
0.0 0.344
0.0 0.345
0.0 0.344
0.0 0.351
0.0 0.345
0.0 0.343
1.0 0.345
0.0 0.343
0.0 0.346
0.0 0.345
0.0 0.348
0.0 0.349
0.0 0.359
0.0 0.344
0.0 0.343
0.0 0.344
0.0 0.345
0.0 0.342
0.0 0.347
0.0 0.346
1.0 0.349
1.0 0.464
0.0 0.341
0.0 0.339
0.0 0.344
0.0 0.340
0.0 0.342
0.0 0.360
0.0 0.347
0.0 0.355
0.0 0.466
0.0 0.346
1.0 0.350
0.0 0.344
0.0 0.348
0.0 0.343
0.0 0.347
0.0 0.347
0.0 0.343
0.0 0.342
0.0 0.342
0.0 0.342
0.0 0.345
0.0 0.354
0.0 0.347
0.0 0.341
0.0 0.341
0.0 0.357
0.0 0.342
0.0 0.340
0.0 0.340
0.0 0.340
0.0 0.348
0.0 0.340
0.0 0.462
0.0 0.347
0.0 0.350
0.0 0.344
1.0 0.348
0.0 0.344
0.0 0.463
0.0 0.344
0.0 0.343
0.0 0.342
0.0 0.344
0.0 0.348
0.0 0.347
1.0 0.353
1.0 0.346
0.0 0.345
0.0 0.340
0.0 0.343
0.0 0.344
0.0 0.342
1.0 0.463
0.0 0.341
1.0 0.342
0.0 0.346
0.0 0.342
1.0 0.463
0.0 0.465
0.0 0.342
0.0 0.340
0.0 0.340
0.0 0.341
0.0 0.343
1.0 0.345
0.0 0.345
0.0 0.341
0.0 0.343
0.0 0.344
1.0 0.346
0.0 0.340
1.0 0.351
0.0 0.340
0.0 0.349
0.0 0.342
0.0 0.344
0.0 0.344
1.0 0.344
0.0 0.357
0.0 0.345
0.0 0.345
0.0 0.348
0.0 0.340
0.0 0.346
0.0 0.345
0.0 0.343
0.0 0.347
1.0 0.467
0.0 0.343
0.0 0.343
0.0 0.340
0.0 0.344
0.0 0.346
0.0 0.341
0.0 0.347
0.0 0.341
1.0 0.346
0.0 0.342
0.0 0.348
0.0 0.343
0.0 0.342
0.0 0.346
1.0 0.347
0.0 0.339
0.0 0.345
0.0 0.350
0.0 0.345
0.0 0.351
0.0 0.343
0.0 0.341
0.0 0.340
0.0 0.346
0.0 0.464
0.0 0.342
0.0 0.343
0.0 0.466
0.0 0.345
0.0 0.346
1.0 0.345
0.0 0.462
0.0 0.342
0.0 0.346
0.0 0.341
0.0 0.350
0.0 0.346
0.0 0.345
0.0 0.340
0.0 0.342
0.0 0.345
0.0 0.338
0.0 0.347
0.0 0.341
0.0 0.351
0.0 0.347
0.0 0.339
0.0 0.355
0.0 0.338
0.0 0.342
0.0 0.350
0.0 0.349
0.0 0.352
0.0 0.341
0.0 0.343
0.0 0.351
0.0 0.351
0.0 0.342
1.0 0.347
1.0 0.463
0.0 0.357
0.0 0.343
0.0 0.341
0.0 0.353
0.0 0.351
0.0 0.348
0.0 0.348
0.0 0.353
0.0 0.343
0.0 0.343
0.0 0.347
0.0 0.342
0.0 0.346
0.0 0.354
0.0 0.349
0.0 0.343
0.0 0.344
0.0 0.346
0.0 0.342
1.0 0.346
0.0 0.344
0.0 0.348
0.0 0.345
0.0 0.466
0.0 0.348
0.0 0.349
1.0 0.344
0.0 0.346
0.0 0.339
1.0 0.353
0.0 0.341
0.0 0.341
0.0 0.344
0.0 0.341
1.0 0.343
0.0 0.343
0.0 0.354
0.0 0.340
0.0 0.343
0.0 0.350
0.0 0.351
0.0 0.351
0.0 0.344
0.0 0.342
0.0 0.343
0.0 0.346
1.0 0.345
0.0 0.339
1.0 0.344
1.0 0.464
0.0 0.345
0.0 0.341
0.0 0.342
0.0 0.343
0.0 0.344
0.0 0.344
0.0 0.347
0.0 0.355
0.0 0.340
0.0 0.347
1.0 0.464
0.0 0.345
0.0 0.347
0.0 0.347
0.0 0.347
0.0 0.346
0.0 0.344
0.0 0.343
0.0 0.342
0.0 0.344
0.0 0.345
0.0 0.343
0.0 0.342
0.0 0.344
0.0 0.346
0.0 0.344
1.0 0.341
0.0 0.344
0.0 0.350
0.0 0.338
0.0 0.346
0.0 0.345
0.0 0.345
0.0 0.341
0.0 0.347
0.0 0.341
0.0 0.345
0.0 0.344
1.0 0.345
0.0 0.338
0.0 0.341
0.0 0.350
0.0 0.340
0.0 0.344
0.0 0.347
0.0 0.349
0.0 0.343
0.0 0.346
0.0 0.345
0.0 0.343
0.0 0.344
0.0 0.462
0.0 0.348
0.0 0.462
0.0 0.343
0.0 0.342
0.0 0.344
0.0 0.347
0.0 0.347
0.0 0.345
0.0 0.342
0.0 0.342
0.0 0.346
0.0 0.345
0.0 0.466
1.0 0.461
0.0 0.348
0.0 0.347
0.0 0.463
1.0 0.348
0.0 0.343
0.0 0.345
0.0 0.347
0.0 0.355
0.0 0.347
0.0 0.350
0.0 0.340
0.0 0.464
0.0 0.345
0.0 0.343
1.0 0.352
0.0 0.343
0.0 0.343
0.0 0.342
1.0 0.460
0.0 0.347
0.0 0.342
0.0 0.344
0.0 0.347
0.0 0.348
1.0 0.347
0.0 0.346
0.0 0.344
0.0 0.351
0.0 0.343
0.0 0.340
0.0 0.342
0.0 0.347
0.0 0.345
0.0 0.343
0.0 0.342
0.0 0.343
0.0 0.345
0.0 0.341
0.0 0.345
1.0 0.349
0.0 0.342
0.0 0.349
0.0 0.346
0.0 0.357
0.0 0.355
0.0 0.348
0.0 0.349
0.0 0.353
0.0 0.340
0.0 0.342
0.0 0.354
0.0 0.346
0.0 0.342
0.0 0.344
0.0 0.345
1.0 0.344
0.0 0.340
0.0 0.346
0.0 0.459
0.0 0.340
0.0 0.349
0.0 0.341
0.0 0.346
0.0 0.340
0.0 0.345
0.0 0.344
1.0 0.345
0.0 0.348
0.0 0.460
0.0 0.346
0.0 0.341
0.0 0.459
0.0 0.345
1.0 0.465
0.0 0.342
0.0 0.346
0.0 0.341
0.0 0.346
1.0 0.344
0.0 0.350
0.0 0.350
0.0 0.345
0.0 0.355
0.0 0.345
0.0 0.345
0.0 0.343
0.0 0.343
0.0 0.353
0.0 0.467
0.0 0.345
0.0 0.343
0.0 0.343
0.0 0.344
0.0 0.345
0.0 0.340
0.0 0.341
0.0 0.342
0.0 0.346
0.0 0.348
0.0 0.347
0.0 0.338
0.0 0.343
0.0 0.340
0.0 0.351
0.0 0.343
0.0 0.463
0.0 0.340
0.0 0.341
0.0 0.342
0.0 0.345
0.0 0.342
0.0 0.342
0.0 0.345
1.0 0.345
0.0 0.348
0.0 0.343
0.0 0.341
1.0 0.463
0.0 0.342
0.0 0.341
0.0 0.340
0.0 0.344
0.0 0.344
0.0 0.339
0.0 0.341
0.0 0.342
0.0 0.347
0.0 0.343
0.0 0.340
1.0 0.344
0.0 0.456
0.0 0.341
0.0 0.344
0.0 0.351
0.0 0.355
0.0 0.344
1.0 0.345
0.0 0.342
0.0 0.341
0.0 0.346
0.0 0.355
0.0 0.341
0.0 0.343
1.0 0.461
0.0 0.462
0.0 0.344
0.0 0.345
0.0 0.348
0.0 0.341
0.0 0.345
0.0 0.462
0.0 0.343
0.0 0.344
0.0 0.464
0.0 0.342
0.0 0.340
0.0 0.344
1.0 0.467
0.0 0.344
0.0 0.344
0.0 0.338
1.0 0.346
0.0 0.345
0.0 0.342
1.0 0.462
1.0 0.344
0.0 0.344
0.0 0.349
0.0 0.344
0.0 0.341
0.0 0.341
0.0 0.344
1.0 0.344
0.0 0.341
0.0 0.347
0.0 0.348
0.0 0.343
0.0 0.353
0.0 0.343
0.0 0.339
0.0 0.344
0.0 0.345
0.0 0.347
0.0 0.344
0.0 0.347
0.0 0.343
1.0 0.346
0.0 0.464
0.0 0.347
1.0 0.349
0.0 0.351
0.0 0.343
0.0 0.341
0.0 0.340
0.0 0.348
0.0 0.340
0.0 0.349
0.0 0.348
0.0 0.341
1.0 0.349
0.0 0.343
0.0 0.343
0.0 0.348
0.0 0.343
0.0 0.341
0.0 0.346
0.0 0.347
0.0 0.343
0.0 0.344
0.0 0.352
0.0 0.340
0.0 0.341
0.0 0.345
0.0 0.354
0.0 0.344
0.0 0.344
0.0 0.350
0.0 0.348
0.0 0.353
0.0 0.348
0.0 0.463
1.0 0.344
0.0 0.344
0.0 0.343
0.0 0.341
0.0 0.339
0.0 0.346
0.0 0.341
0.0 0.343
0.0 0.344
1.0 0.346
0.0 0.343
0.0 0.350
0.0 0.340
0.0 0.345
0.0 0.347
0.0 0.346
0.0 0.345
0.0 0.344
0.0 0.343
0.0 0.346
0.0 0.340
0.0 0.343
0.0 0.343
0.0 0.347
0.0 0.343
0.0 0.346
0.0 0.346
0.0 0.346
0.0 0.464
0.0 0.347
0.0 0.341
0.0 0.344
0.0 0.344
0.0 0.339
0.0 0.343
0.0 0.348
0.0 0.347
0.0 0.345
0.0 0.346
0.0 0.341
0.0 0.347
0.0 0.343
0.0 0.341
0.0 0.343
0.0 0.342
0.0 0.342
0.0 0.466
0.0 0.350
0.0 0.348
0.0 0.344
0.0 0.342
0.0 0.342
0.0 0.347
0.0 0.341
0.0 0.341
0.0 0.341
0.0 0.346
0.0 0.343
1.0 0.344
0.0 0.345
0.0 0.353
0.0 0.343
0.0 0.346
0.0 0.347
0.0 0.346
1.0 0.461
0.0 0.348
1.0 0.344
0.0 0.341
0.0 0.345
0.0 0.344
0.0 0.352
1.0 0.344
0.0 0.341
0.0 0.344
0.0 0.345
0.0 0.343
0.0 0.344
1.0 0.462
0.0 0.344
0.0 0.344
0.0 0.348
0.0 0.343
0.0 0.340
0.0 0.346
0.0 0.345
0.0 0.353
0.0 0.461
0.0 0.341
0.0 0.347
0.0 0.346
0.0 0.346
0.0 0.344
0.0 0.345
0.0 0.347
1.0 0.463
0.0 0.345
0.0 0.350
0.0 0.347
0.0 0.345
0.0 0.342
0.0 0.350
0.0 0.346
0.0 0.349
0.0 0.346
0.0 0.349
0.0 0.346
0.0 0.467
0.0 0.344
0.0 0.347
0.0 0.345
0.0 0.343
0.0 0.343
0.0 0.348
0.0 0.349
0.0 0.346
0.0 0.340
0.0 0.350
0.0 0.464
0.0 0.350
0.0 0.347
0.0 0.464
0.0 0.463
1.0 0.350
0.0 0.343
1.0 0.344
0.0 0.339
0.0 0.343
0.0 0.340
1.0 0.344
1.0 0.344
0.0 0.350
0.0 0.339
0.0 0.345
0.0 0.341
0.0 0.343
0.0 0.341
0.0 0.464
0.0 0.344
0.0 0.345
0.0 0.343
1.0 0.462
0.0 0.354
0.0 0.344
0.0 0.351
0.0 0.344
0.0 0.343
0.0 0.350
0.0 0.344
0.0 0.343
0.0 0.464
1.0 0.343
1.0 0.464
0.0 0.343
0.0 0.346
0.0 0.345
0.0 0.343
0.0 0.339
0.0 0.344
0.0 0.343
0.0 0.339
0.0 0.342
0.0 0.350
0.0 0.347
0.0 0.464
0.0 0.353
1.0 0.466
0.0 0.342
1.0 0.345
0.0 0.340
0.0 0.347
0.0 0.466
0.0 0.344
1.0 0.358
0.0 0.345
0.0 0.345
0.0 0.460
0.0 0.341
0.0 0.346
0.0 0.348
0.0 0.343
0.0 0.346
0.0 0.344
0.0 0.347
0.0 0.349
0.0 0.340
1.0 0.341
0.0 0.347
0.0 0.342
0.0 0.346
0.0 0.338
0.0 0.342
0.0 0.345
0.0 0.344
0.0 0.466
0.0 0.346
1.0 0.344
0.0 0.353
0.0 0.346
0.0 0.345
0.0 0.351
0.0 0.344
0.0 0.341
0.0 0.344
0.0 0.344
0.0 0.345
0.0 0.345
0.0 0.341
0.0 0.344
0.0 0.343
0.0 0.349
0.0 0.346
0.0 0.350
0.0 0.343
0.0 0.347
0.0 0.348
0.0 0.345
0.0 0.351
0.0 0.345
1.0 0.462
0.0 0.345
0.0 0.342
0.0 0.345
0.0 0.341
0.0 0.342
0.0 0.345
0.0 0.460
0.0 0.344
0.0 0.346
1.0 0.462
0.0 0.344
1.0 0.344
0.0 0.342
0.0 0.343
0.0 0.342
0.0 0.341
0.0 0.345
0.0 0.345
1.0 0.344
0.0 0.343
0.0 0.346
0.0 0.345
0.0 0.341
0.0 0.343
0.0 0.345
1.0 0.467
0.0 0.341
1.0 0.342
0.0 0.342
0.0 0.347
0.0 0.347
0.0 0.347
1.0 0.346
0.0 0.338
0.0 0.341
0.0 0.349
0.0 0.464
1.0 0.347
0.0 0.463
0.0 0.359
1.0 0.345
0.0 0.351
0.0 0.354
0.0 0.351
0.0 0.344
0.0 0.343
0.0 0.343
0.0 0.342
0.0 0.344
0.0 0.343
0.0 0.343
1.0 0.351
1.0 0.343
0.0 0.345
1.0 0.462
0.0 0.346
0.0 0.346
0.0 0.349
0.0 0.343
0.0 0.338
0.0 0.343
1.0 0.465
0.0 0.343
1.0 0.464
1.0 0.344
0.0 0.341
0.0 0.344
0.0 0.343
0.0 0.346
0.0 0.463
1.0 0.348
0.0 0.343
0.0 0.343
0.0 0.345
0.0 0.346
0.0 0.463
0.0 0.349
0.0 0.350
0.0 0.348
0.0 0.344
0.0 0.343
0.0 0.341
0.0 0.346
0.0 0.342
0.0 0.348
0.0 0.347
0.0 0.344
1.0 0.351
0.0 0.341
0.0 0.344
0.0 0.346
0.0 0.354
0.0 0.344
0.0 0.345
0.0 0.342
0.0 0.346
1.0 0.465
0.0 0.340
0.0 0.345
0.0 0.345
0.0 0.342
0.0 0.348
0.0 0.345
0.0 0.347
0.0 0.345
0.0 0.340
0.0 0.354
0.0 0.347
0.0 0.351
0.0 0.343
0.0 0.467
0.0 0.343
0.0 0.343
0.0 0.348
0.0 0.347
0.0 0.346
0.0 0.345
0.0 0.363
0.0 0.348
0.0 0.341
0.0 0.342
0.0 0.346
0.0 0.347
0.0 0.347
0.0 0.463
0.0 0.343
1.0 0.463
0.0 0.341
0.0 0.345
0.0 0.339
0.0 0.344
0.0 0.348
0.0 0.346
0.0 0.348
0.0 0.347
0.0 0.342
0.0 0.347
0.0 0.345
1.0 0.346
1.0 0.347
0.0 0.348
0.0 0.345
0.0 0.345
0.0 0.343
0.0 0.344
0.0 0.345
0.0 0.463
0.0 0.343
0.0 0.350
0.0 0.342
0.0 0.341
0.0 0.344
0.0 0.342
0.0 0.466
0.0 0.343
0.0 0.339
0.0 0.342
0.0 0.345
0.0 0.346
1.0 0.347
1.0 0.342
0.0 0.348
0.0 0.345
0.0 0.339
0.0 0.344
0.0 0.342
0.0 0.342
1.0 0.347
0.0 0.343
0.0 0.461
0.0 0.351
0.0 0.347
0.0 0.343
0.0 0.341
0.0 0.342
0.0 0.347
1.0 0.459
0.0 0.340
0.0 0.343
0.0 0.344
0.0 0.357
0.0 0.344
0.0 0.468
1.0 0.465
1.0 0.345
0.0 0.342
0.0 0.349
0.0 0.345
1.0 0.465
0.0 0.347
0.0 0.345
0.0 0.352
0.0 0.342
0.0 0.340
0.0 0.347
0.0 0.344
0.0 0.346
0.0 0.466
0.0 0.340
0.0 0.343
0.0 0.346
0.0 0.345
0.0 0.344
0.0 0.347
0.0 0.342
0.0 0.344
0.0 0.460
0.0 0.464
0.0 0.343
0.0 0.341
0.0 0.350
0.0 0.347
0.0 0.344
0.0 0.351
0.0 0.347
0.0 0.348
0.0 0.347
0.0 0.350
0.0 0.346
0.0 0.342
0.0 0.346
0.0 0.346
1.0 0.469
0.0 0.344
1.0 0.341
0.0 0.343
1.0 0.343
0.0 0.345
0.0 0.347
0.0 0.345
0.0 0.341
0.0 0.463
0.0 0.342
0.0 0.342
0.0 0.345
0.0 0.343
0.0 0.348
1.0 0.345
0.0 0.342
0.0 0.461
0.0 0.345
0.0 0.341
0.0 0.344
0.0 0.344
0.0 0.344
0.0 0.346
0.0 0.345
0.0 0.463
0.0 0.464
0.0 0.340
0.0 0.344
0.0 0.347
0.0 0.341
0.0 0.346
0.0 0.343
1.0 0.343
0.0 0.345
0.0 0.344
0.0 0.342
0.0 0.349
0.0 0.345
0.0 0.349
0.0 0.345
0.0 0.350
0.0 0.345
0.0 0.342
1.0 0.350
0.0 0.344
0.0 0.342
0.0 0.345
0.0 0.346
0.0 0.466
0.0 0.348
0.0 0.463
0.0 0.339
0.0 0.359
1.0 0.343
0.0 0.344
0.0 0.343
0.0 0.347
0.0 0.340
0.0 0.347
0.0 0.460
0.0 0.345
0.0 0.342
1.0 0.343
0.0 0.344
1.0 0.342
0.0 0.348
0.0 0.343
0.0 0.344
0.0 0.353
0.0 0.346
0.0 0.343
0.0 0.344
0.0 0.342
0.0 0.339
1.0 0.463
0.0 0.346
0.0 0.346
0.0 0.344
0.0 0.343
0.0 0.351
0.0 0.342
0.0 0.350
1.0 0.348
1.0 0.343
0.0 0.344
0.0 0.345
0.0 0.342
0.0 0.343
0.0 0.348
0.0 0.345
0.0 0.342
0.0 0.343
0.0 0.349
0.0 0.344
0.0 0.463
0.0 0.344
0.0 0.340
0.0 0.343
1.0 0.467
1.0 0.345
0.0 0.346
0.0 0.344
0.0 0.345
0.0 0.351
1.0 0.348
0.0 0.347
0.0 0.343
0.0 0.347
0.0 0.462
0.0 0.340
0.0 0.346
0.0 0.341
0.0 0.460
0.0 0.344
0.0 0.348
1.0 0.345
0.0 0.343
0.0 0.342
1.0 0.353
0.0 0.339
0.0 0.341
0.0 0.344
0.0 0.344
0.0 0.344
0.0 0.344
0.0 0.463
0.0 0.345
0.0 0.460
0.0 0.341
0.0 0.344
0.0 0.342
0.0 0.345
0.0 0.342
0.0 0.346
0.0 0.344
0.0 0.342
0.0 0.338
0.0 0.344
