1.0 0.413
1.0 0.542
1.0 0.901
1.0 0.059
1.0 0.229
1.0 0.608
1.0 0.238
1.0 0.020
1.0 0.347
1.0 0.021
1.0 0.649
1.0 0.751
1.0 0.050
1.0 0.455
1.0 0.183
1.0 0.832
1.0 0.955
1.0 0.053
1.0 0.822
1.0 0.655
1.0 0.306
1.0 0.960
1.0 0.603
1.0 0.354
1.0 0.487
1.0 0.966
1.0 0.704
1.0 0.636
1.0 0.556
1.0 0.862
1.0 0.794
1.0 0.513
1.0 0.726
1.0 0.695
1.0 0.770
1.0 0.764
1.0 0.241
1.0 0.800
1.0 0.312
1.0 0.175
1.0 0.854
1.0 0.173
1.0 0.250
1.0 0.819
1.0 0.792
1.0 0.823
1.0 0.684
1.0 0.193
1.0 0.507
1.0 0.312
1.0 0.247
1.0 0.009
1.0 0.281
1.0 0.587
1.0 0.745
1.0 0.928
1.0 0.165
1.0 0.956
1.0 0.346
1.0 0.155
1.0 0.858
1.0 0.012
1.0 0.112
1.0 0.386
0.0 0.008
0.0 0.017
0.0 0.010
0.0 0.053
0.0 0.068
0.0 0.424
0.0 0.066
0.0 0.025
0.0 0.092
0.0 0.721
0.0 0.747
0.0 0.624
0.0 0.860
0.0 0.024
0.0 0.010
0.0 0.021
0.0 0.021
1.0 0.241
1.0 0.144
1.0 0.278
1.0 0.052
1.0 0.059
1.0 0.151
1.0 0.183
1.0 0.194
1.0 0.737
1.0 0.430
1.0 0.894
1.0 0.921
1.0 0.083
1.0 0.047
1.0 0.013
1.0 0.033
0.0 0.317
0.0 0.112
0.0 0.034
0.0 0.657
0.0 0.009
0.0 0.463
0.0 0.148
0.0 0.075
0.0 0.092
0.0 0.051
0.0 0.066
0.0 0.108
0.0 0.016
0.0 0.033
0.0 0.540
0.0 0.057
1.0 0.050
1.0 0.019
1.0 0.102
1.0 0.471
1.0 0.939
1.0 0.641
1.0 0.606
1.0 0.806
1.0 0.589
1.0 0.063
1.0 0.106
1.0 0.031
1.0 0.026
1.0 0.800
1.0 0.743
1.0 0.835
1.0 0.197
1.0 0.598
1.0 0.668
1.0 0.159
1.0 0.059
1.0 0.786
1.0 0.146
1.0 0.065
1.0 0.266
1.0 0.069
1.0 0.014
1.0 0.503
1.0 0.765
1.0 0.603
1.0 0.392
1.0 0.124
1.0 0.205
1.0 0.345
1.0 0.135
1.0 0.494
1.0 0.104
1.0 0.795
1.0 0.133
1.0 0.074
1.0 0.031
1.0 0.844
1.0 0.298
1.0 0.087
1.0 0.633
1.0 0.973
1.0 0.440
1.0 0.138
1.0 0.169
1.0 0.938
1.0 0.083
1.0 0.926
1.0 0.815
1.0 0.974
1.0 0.984
1.0 0.954
1.0 0.050
1.0 0.041
1.0 0.100
