0.0 0.848
0.0 0.801
0.0 0.811
0.0 0.785
0.0 0.492
0.0 0.247
0.0 0.958
0.0 0.367
0.0 0.660
0.0 0.701
0.0 0.960
0.0 0.230
0.0 0.142
0.0 0.231
1.0 0.811
1.0 0.850
1.0 0.487
1.0 0.956
1.0 0.646
1.0 0.870
1.0 0.864
1.0 0.966
1.0 0.938
1.0 0.774
1.0 0.584
1.0 0.929
1.0 0.857
1.0 0.784
1.0 0.843
1.0 0.960
1.0 0.832
1.0 0.793
1.0 0.899
1.0 0.782
1.0 0.667
1.0 0.514
1.0 0.917
1.0 0.902
1.0 0.805
1.0 0.963
1.0 0.953
1.0 0.633
1.0 0.733
1.0 0.583
1.0 0.737
1.0 0.857
1.0 0.710
1.0 0.914
1.0 0.516
1.0 0.803
1.0 0.335
1.0 0.205
1.0 0.888
1.0 0.790
1.0 0.367
1.0 0.713
1.0 0.703
1.0 0.957
1.0 0.944
1.0 0.959
1.0 0.927
1.0 0.694
1.0 0.246
1.0 0.935
1.0 0.886
1.0 0.919
1.0 0.890
1.0 0.653
1.0 0.930
1.0 0.916
1.0 0.429
1.0 0.676
1.0 0.936
1.0 0.900
1.0 0.655
1.0 0.823
1.0 0.957
1.0 0.579
1.0 0.790
1.0 0.711
1.0 0.563
1.0 0.960
1.0 0.874
1.0 0.977
1.0 0.958
1.0 0.915
1.0 0.712
1.0 0.988
1.0 0.935
1.0 0.404
1.0 0.948
1.0 0.378
1.0 0.612
1.0 0.989
1.0 0.951
1.0 0.638
1.0 0.662
1.0 0.836
1.0 0.890
1.0 0.755
1.0 0.904
1.0 0.904
1.0 0.821
1.0 0.982
1.0 0.272
1.0 0.661
1.0 0.950
1.0 0.966
1.0 0.973
1.0 0.867
1.0 0.966
1.0 0.977
1.0 0.909
1.0 0.962
1.0 0.984
1.0 0.947
1.0 0.940
1.0 0.979
1.0 0.698
1.0 0.798
1.0 0.404
1.0 0.717
1.0 0.881
1.0 0.449
1.0 0.781
1.0 0.912
1.0 0.877
1.0 0.452
1.0 0.590
1.0 0.854
1.0 0.583
1.0 0.828
1.0 0.671
1.0 0.833
1.0 0.586
1.0 0.331
1.0 0.561
1.0 0.887
1.0 0.915
