1.0 0.839
1.0 0.750
1.0 0.796
1.0 0.175
1.0 0.553
1.0 0.805
1.0 0.552
1.0 0.050
1.0 0.524
1.0 0.039
1.0 0.142
1.0 0.630
1.0 0.163
1.0 0.686
1.0 0.226
1.0 0.449
1.0 0.785
1.0 0.177
1.0 0.885
1.0 0.809
1.0 0.781
1.0 0.419
1.0 0.134
1.0 0.088
1.0 0.707
1.0 0.916
1.0 0.882
1.0 0.484
1.0 0.878
1.0 0.976
1.0 0.442
1.0 0.953
1.0 0.845
1.0 0.884
1.0 0.342
1.0 0.707
1.0 0.182
1.0 0.442
1.0 0.048
1.0 0.120
1.0 0.308
1.0 0.334
1.0 0.474
1.0 0.694
1.0 0.527
1.0 0.560
1.0 0.631
1.0 0.324
1.0 0.265
1.0 0.464
1.0 0.739
1.0 0.025
1.0 0.226
1.0 0.111
1.0 0.251
1.0 0.893
1.0 0.814
1.0 0.299
1.0 0.501
1.0 0.398
1.0 0.957
1.0 0.323
1.0 0.367
1.0 0.711
0.0 0.012
0.0 0.027
0.0 0.008
0.0 0.083
0.0 0.344
0.0 0.125
0.0 0.114
0.0 0.050
0.0 0.030
0.0 0.706
0.0 0.676
0.0 0.752
0.0 0.779
0.0 0.056
0.0 0.186
0.0 0.055
0.0 0.325
1.0 0.554
1.0 0.386
1.0 0.164
1.0 0.142
1.0 0.043
1.0 0.044
1.0 0.579
1.0 0.569
1.0 0.908
1.0 0.051
1.0 0.231
1.0 0.135
1.0 0.049
1.0 0.072
1.0 0.019
1.0 0.047
0.0 0.166
0.0 0.033
0.0 0.054
0.0 0.189
0.0 0.020
0.0 0.236
0.0 0.038
0.0 0.561
0.0 0.292
0.0 0.077
0.0 0.071
0.0 0.046
0.0 0.028
0.0 0.044
0.0 0.246
0.0 0.310
1.0 0.340
1.0 0.063
1.0 0.053
1.0 0.591
1.0 0.449
1.0 0.537
1.0 0.584
1.0 0.560
1.0 0.665
1.0 0.400
1.0 0.350
1.0 0.219
1.0 0.060
1.0 0.688
1.0 0.749
1.0 0.680
1.0 0.478
1.0 0.574
1.0 0.698
1.0 0.811
1.0 0.280
1.0 0.727
1.0 0.242
1.0 0.269
1.0 0.476
1.0 0.026
1.0 0.055
1.0 0.552
1.0 0.269
1.0 0.343
1.0 0.486
1.0 0.112
1.0 0.337
1.0 0.522
1.0 0.078
1.0 0.108
1.0 0.194
1.0 0.323
1.0 0.435
1.0 0.224
1.0 0.226
1.0 0.708
1.0 0.318
1.0 0.539
1.0 0.644
1.0 0.939
1.0 0.559
1.0 0.589
1.0 0.066
1.0 0.897
1.0 0.265
1.0 0.852
1.0 0.820
1.0 0.955
1.0 0.575
1.0 0.471
1.0 0.097
1.0 0.122
1.0 0.272
