0.0 0.461
0.0 0.329
0.0 0.336
0.0 0.327
1.0 0.333
0.0 0.461
0.0 0.330
0.0 0.333
1.0 0.335
0.0 0.331
0.0 0.327
0.0 0.340
0.0 0.331
0.0 0.337
0.0 0.333
0.0 0.335
1.0 0.346
0.0 0.332
0.0 0.329
0.0 0.333
0.0 0.326
0.0 0.339
0.0 0.332
1.0 0.345
1.0 0.464
0.0 0.346
0.0 0.329
0.0 0.346
0.0 0.341
0.0 0.335
0.0 0.332
0.0 0.339
1.0 0.338
0.0 0.341
0.0 0.330
0.0 0.337
0.0 0.335
0.0 0.337
0.0 0.336
1.0 0.331
0.0 0.336
0.0 0.329
0.0 0.336
0.0 0.340
0.0 0.335
0.0 0.333
0.0 0.338
0.0 0.329
0.0 0.465
0.0 0.337
0.0 0.347
0.0 0.339
0.0 0.335
0.0 0.339
0.0 0.338
0.0 0.336
0.0 0.344
0.0 0.332
0.0 0.458
0.0 0.461
0.0 0.337
1.0 0.458
0.0 0.338
0.0 0.332
0.0 0.462
0.0 0.343
0.0 0.345
0.0 0.340
0.0 0.336
0.0 0.334
0.0 0.338
0.0 0.465
0.0 0.328
0.0 0.330
0.0 0.332
0.0 0.333
0.0 0.339
0.0 0.336
0.0 0.337
0.0 0.330
0.0 0.341
0.0 0.339
0.0 0.333
0.0 0.330
0.0 0.332
0.0 0.341
0.0 0.334
0.0 0.343
0.0 0.330
0.0 0.329
0.0 0.337
0.0 0.334
0.0 0.331
0.0 0.329
0.0 0.327
0.0 0.335
0.0 0.327
0.0 0.332
0.0 0.331
0.0 0.462
0.0 0.338
0.0 0.333
0.0 0.332
0.0 0.336
0.0 0.331
0.0 0.332
0.0 0.334
0.0 0.329
0.0 0.326
1.0 0.339
0.0 0.340
0.0 0.334
0.0 0.331
0.0 0.341
0.0 0.331
0.0 0.337
0.0 0.341
0.0 0.336
0.0 0.335
1.0 0.338
0.0 0.329
0.0 0.328
0.0 0.345
0.0 0.332
0.0 0.331
1.0 0.341
0.0 0.333
0.0 0.333
0.0 0.333
0.0 0.332
0.0 0.464
0.0 0.330
0.0 0.333
0.0 0.339
0.0 0.330
0.0 0.338
0.0 0.336
0.0 0.336
0.0 0.342
0.0 0.341
0.0 0.330
0.0 0.336
0.0 0.348
0.0 0.333
0.0 0.330
0.0 0.326
0.0 0.332
0.0 0.333
0.0 0.337
0.0 0.347
0.0 0.329
0.0 0.330
0.0 0.330
0.0 0.335
0.0 0.334
0.0 0.338
0.0 0.328
0.0 0.336
0.0 0.461
0.0 0.343
0.0 0.334
0.0 0.341
0.0 0.348
0.0 0.330
0.0 0.335
0.0 0.338
0.0 0.339
0.0 0.325
0.0 0.324
0.0 0.465
0.0 0.336
0.0 0.334
0.0 0.344
0.0 0.457
0.0 0.348
0.0 0.337
0.0 0.332
1.0 0.462
0.0 0.332
0.0 0.336
0.0 0.339
0.0 0.332
0.0 0.336
1.0 0.338
0.0 0.339
1.0 0.335
0.0 0.331
0.0 0.336
0.0 0.331
1.0 0.462
0.0 0.335
0.0 0.341
0.0 0.340
0.0 0.332
0.0 0.337
0.0 0.461
0.0 0.331
0.0 0.330
0.0 0.336
0.0 0.334
0.0 0.339
0.0 0.338
0.0 0.333
0.0 0.329
0.0 0.467
0.0 0.335
0.0 0.342
0.0 0.335
0.0 0.332
0.0 0.333
0.0 0.336
0.0 0.337
1.0 0.335
0.0 0.331
0.0 0.331
0.0 0.335
0.0 0.333
0.0 0.330
0.0 0.331
0.0 0.326
0.0 0.337
0.0 0.331
0.0 0.331
0.0 0.334
0.0 0.335
0.0 0.327
0.0 0.335
0.0 0.330
0.0 0.344
1.0 0.336
1.0 0.337
0.0 0.330
0.0 0.333
0.0 0.337
0.0 0.340
0.0 0.331
0.0 0.337
0.0 0.337
1.0 0.462
0.0 0.339
0.0 0.338
0.0 0.331
0.0 0.332
0.0 0.342
0.0 0.328
0.0 0.465
0.0 0.332
0.0 0.342
0.0 0.337
1.0 0.337
0.0 0.335
0.0 0.335
0.0 0.333
0.0 0.333
1.0 0.463
0.0 0.326
1.0 0.341
0.0 0.337
0.0 0.335
0.0 0.337
0.0 0.329
0.0 0.329
0.0 0.338
0.0 0.335
0.0 0.335
0.0 0.335
0.0 0.330
0.0 0.330
0.0 0.329
0.0 0.332
1.0 0.342
0.0 0.332
0.0 0.337
0.0 0.338
0.0 0.330
0.0 0.334
0.0 0.336
1.0 0.344
0.0 0.344
0.0 0.330
0.0 0.331
0.0 0.331
0.0 0.330
0.0 0.335
0.0 0.456
0.0 0.334
0.0 0.327
0.0 0.341
1.0 0.343
0.0 0.334
0.0 0.331
0.0 0.339
0.0 0.329
0.0 0.335
0.0 0.459
0.0 0.334
1.0 0.461
0.0 0.335
0.0 0.458
0.0 0.349
0.0 0.342
0.0 0.342
0.0 0.335
0.0 0.327
1.0 0.335
0.0 0.333
0.0 0.338
0.0 0.337
0.0 0.325
0.0 0.336
1.0 0.332
0.0 0.338
0.0 0.332
0.0 0.462
0.0 0.341
0.0 0.338
0.0 0.334
1.0 0.337
0.0 0.326
0.0 0.343
0.0 0.333
0.0 0.336
0.0 0.463
0.0 0.340
0.0 0.336
0.0 0.336
0.0 0.461
1.0 0.334
0.0 0.338
0.0 0.337
0.0 0.332
0.0 0.330
1.0 0.338
0.0 0.337
0.0 0.334
0.0 0.330
0.0 0.334
0.0 0.332
0.0 0.339
0.0 0.326
0.0 0.336
0.0 0.333
0.0 0.456
0.0 0.334
0.0 0.338
0.0 0.335
0.0 0.333
0.0 0.325
0.0 0.325
0.0 0.332
0.0 0.333
0.0 0.331
0.0 0.329
0.0 0.333
0.0 0.340
0.0 0.332
1.0 0.457
0.0 0.336
0.0 0.457
0.0 0.333
0.0 0.336
0.0 0.342
0.0 0.332
0.0 0.458
0.0 0.331
0.0 0.340
0.0 0.339
0.0 0.334
0.0 0.330
0.0 0.331
0.0 0.335
0.0 0.333
0.0 0.336
0.0 0.331
0.0 0.332
0.0 0.331
1.0 0.463
0.0 0.339
0.0 0.337
0.0 0.332
0.0 0.329
0.0 0.335
1.0 0.336
0.0 0.337
1.0 0.341
0.0 0.332
0.0 0.337
0.0 0.339
0.0 0.346
1.0 0.332
0.0 0.330
0.0 0.341
0.0 0.326
0.0 0.336
0.0 0.342
0.0 0.328
0.0 0.330
0.0 0.334
0.0 0.332
0.0 0.461
0.0 0.348
0.0 0.331
0.0 0.333
1.0 0.466
0.0 0.336
0.0 0.325
1.0 0.339
0.0 0.336
0.0 0.458
0.0 0.338
0.0 0.325
0.0 0.330
1.0 0.332
0.0 0.335
0.0 0.338
0.0 0.333
0.0 0.337
0.0 0.331
0.0 0.328
0.0 0.330
0.0 0.335
0.0 0.326
0.0 0.335
0.0 0.328
0.0 0.333
0.0 0.331
0.0 0.332
0.0 0.328
0.0 0.336
0.0 0.342
0.0 0.335
0.0 0.333
0.0 0.336
0.0 0.326
0.0 0.334
1.0 0.338
0.0 0.332
0.0 0.332
0.0 0.341
0.0 0.330
0.0 0.332
1.0 0.464
0.0 0.331
0.0 0.333
0.0 0.337
0.0 0.338
0.0 0.340
0.0 0.337
0.0 0.340
0.0 0.335
0.0 0.334
0.0 0.457
0.0 0.338
0.0 0.334
0.0 0.335
0.0 0.333
0.0 0.333
0.0 0.353
0.0 0.332
0.0 0.464
0.0 0.467
0.0 0.343
0.0 0.342
0.0 0.340
0.0 0.351
0.0 0.333
0.0 0.331
0.0 0.330
0.0 0.330
0.0 0.332
0.0 0.333
0.0 0.329
0.0 0.333
0.0 0.337
0.0 0.336
0.0 0.331
0.0 0.460
0.0 0.333
0.0 0.329
0.0 0.343
0.0 0.332
0.0 0.332
0.0 0.345
0.0 0.331
0.0 0.334
0.0 0.333
0.0 0.335
0.0 0.457
0.0 0.334
0.0 0.337
0.0 0.340
0.0 0.334
0.0 0.333
1.0 0.337
0.0 0.338
0.0 0.327
0.0 0.337
0.0 0.332
0.0 0.333
0.0 0.328
0.0 0.461
0.0 0.331
0.0 0.333
1.0 0.464
0.0 0.343
0.0 0.326
0.0 0.330
1.0 0.337
0.0 0.339
0.0 0.462
0.0 0.330
0.0 0.464
0.0 0.335
0.0 0.331
0.0 0.332
0.0 0.332
0.0 0.345
0.0 0.330
0.0 0.329
0.0 0.336
0.0 0.344
0.0 0.331
1.0 0.335
0.0 0.333
0.0 0.328
0.0 0.336
0.0 0.337
0.0 0.332
0.0 0.336
0.0 0.330
1.0 0.470
0.0 0.467
0.0 0.337
0.0 0.458
0.0 0.467
0.0 0.336
0.0 0.330
0.0 0.332
0.0 0.335
0.0 0.334
0.0 0.336
0.0 0.327
1.0 0.469
0.0 0.332
0.0 0.334
0.0 0.331
0.0 0.336
1.0 0.328
0.0 0.331
0.0 0.336
0.0 0.463
0.0 0.345
0.0 0.335
1.0 0.329
0.0 0.341
0.0 0.329
1.0 0.337
0.0 0.329
0.0 0.335
0.0 0.342
0.0 0.335
0.0 0.346
0.0 0.342
0.0 0.337
0.0 0.327
0.0 0.331
0.0 0.338
0.0 0.335
0.0 0.337
0.0 0.342
0.0 0.340
0.0 0.337
0.0 0.332
0.0 0.333
0.0 0.347
0.0 0.340
0.0 0.333
1.0 0.332
0.0 0.336
0.0 0.335
0.0 0.334
0.0 0.333
0.0 0.330
0.0 0.334
0.0 0.336
0.0 0.336
0.0 0.334
0.0 0.335
1.0 0.337
0.0 0.333
0.0 0.344
0.0 0.336
0.0 0.338
0.0 0.334
0.0 0.335
0.0 0.340
0.0 0.333
0.0 0.333
1.0 0.332
0.0 0.461
0.0 0.329
0.0 0.335
0.0 0.330
0.0 0.337
0.0 0.333
0.0 0.335
0.0 0.338
1.0 0.330
0.0 0.335
0.0 0.333
0.0 0.460
0.0 0.339
0.0 0.330
0.0 0.333
0.0 0.338
0.0 0.338
0.0 0.338
0.0 0.334
0.0 0.336
0.0 0.346
0.0 0.329
0.0 0.336
1.0 0.338
1.0 0.340
0.0 0.462
0.0 0.328
0.0 0.330
0.0 0.329
0.0 0.336
0.0 0.330
0.0 0.331
0.0 0.331
0.0 0.328
0.0 0.328
0.0 0.339
1.0 0.341
0.0 0.336
0.0 0.456
0.0 0.340
0.0 0.334
0.0 0.324
0.0 0.336
0.0 0.333
0.0 0.329
0.0 0.330
0.0 0.330
0.0 0.336
0.0 0.337
0.0 0.334
0.0 0.338
0.0 0.461
0.0 0.338
0.0 0.329
0.0 0.333
0.0 0.333
1.0 0.348
0.0 0.334
0.0 0.335
0.0 0.336
0.0 0.333
0.0 0.335
0.0 0.333
0.0 0.338
0.0 0.338
1.0 0.328
0.0 0.337
0.0 0.334
0.0 0.344
0.0 0.337
0.0 0.330
0.0 0.331
0.0 0.331
0.0 0.331
0.0 0.335
0.0 0.330
0.0 0.334
0.0 0.333
0.0 0.331
0.0 0.333
0.0 0.331
0.0 0.338
0.0 0.340
0.0 0.335
0.0 0.330
0.0 0.340
0.0 0.331
0.0 0.329
0.0 0.333
0.0 0.340
0.0 0.471
0.0 0.325
0.0 0.330
0.0 0.331
0.0 0.337
0.0 0.337
0.0 0.330
0.0 0.333
0.0 0.336
0.0 0.464
0.0 0.334
0.0 0.337
0.0 0.332
0.0 0.334
0.0 0.336
0.0 0.330
0.0 0.334
0.0 0.335
0.0 0.335
0.0 0.331
1.0 0.468
0.0 0.339
0.0 0.327
0.0 0.337
0.0 0.333
0.0 0.333
0.0 0.326
0.0 0.459
0.0 0.338
0.0 0.337
0.0 0.325
0.0 0.338
0.0 0.330
0.0 0.332
0.0 0.338
0.0 0.350
0.0 0.330
1.0 0.329
0.0 0.461
0.0 0.336
0.0 0.332
0.0 0.327
0.0 0.339
0.0 0.448
1.0 0.465
0.0 0.337
0.0 0.463
0.0 0.338
0.0 0.333
0.0 0.327
0.0 0.454
0.0 0.329
0.0 0.333
0.0 0.334
0.0 0.340
0.0 0.330
1.0 0.469
0.0 0.331
0.0 0.330
0.0 0.336
0.0 0.341
0.0 0.332
0.0 0.326
0.0 0.329
0.0 0.335
0.0 0.333
0.0 0.336
0.0 0.342
0.0 0.333
0.0 0.338
0.0 0.339
0.0 0.338
0.0 0.343
0.0 0.344
1.0 0.459
0.0 0.329
0.0 0.334
0.0 0.329
0.0 0.343
0.0 0.333
1.0 0.458
1.0 0.330
0.0 0.336
0.0 0.337
0.0 0.339
0.0 0.339
0.0 0.336
0.0 0.339
0.0 0.327
0.0 0.332
0.0 0.328
0.0 0.330
0.0 0.338
0.0 0.347
0.0 0.331
0.0 0.463
0.0 0.338
0.0 0.336
0.0 0.336
0.0 0.339
0.0 0.333
0.0 0.338
0.0 0.335
0.0 0.335
0.0 0.469
0.0 0.327
0.0 0.339
0.0 0.343
0.0 0.333
0.0 0.335
0.0 0.330
0.0 0.459
0.0 0.328
0.0 0.332
0.0 0.337
0.0 0.458
0.0 0.336
0.0 0.339
0.0 0.335
0.0 0.330
0.0 0.336
0.0 0.337
0.0 0.459
0.0 0.342
0.0 0.330
0.0 0.345
0.0 0.331
0.0 0.337
0.0 0.333
0.0 0.341
1.0 0.332
0.0 0.337
0.0 0.342
0.0 0.330
0.0 0.459
1.0 0.465
0.0 0.331
0.0 0.335
0.0 0.337
0.0 0.328
0.0 0.331
0.0 0.335
0.0 0.331
0.0 0.329
0.0 0.327
0.0 0.336
0.0 0.345
0.0 0.334
0.0 0.347
0.0 0.334
0.0 0.335
0.0 0.328
0.0 0.331
0.0 0.334
0.0 0.326
0.0 0.338
0.0 0.334
0.0 0.326
0.0 0.336
0.0 0.331
0.0 0.329
0.0 0.335
0.0 0.334
0.0 0.350
1.0 0.340
0.0 0.334
0.0 0.331
0.0 0.325
0.0 0.336
0.0 0.332
0.0 0.334
0.0 0.335
0.0 0.330
0.0 0.339
0.0 0.338
0.0 0.337
0.0 0.333
0.0 0.333
0.0 0.330
0.0 0.326
1.0 0.332
0.0 0.335
0.0 0.329
0.0 0.334
0.0 0.330
0.0 0.335
0.0 0.338
0.0 0.328
1.0 0.336
0.0 0.326
0.0 0.334
1.0 0.339
1.0 0.337
1.0 0.339
0.0 0.330
0.0 0.336
0.0 0.342
0.0 0.335
0.0 0.331
0.0 0.330
0.0 0.334
0.0 0.332
1.0 0.338
0.0 0.337
0.0 0.341
0.0 0.333
0.0 0.333
0.0 0.327
0.0 0.333
1.0 0.334
0.0 0.338
0.0 0.335
0.0 0.467
0.0 0.337
0.0 0.330
0.0 0.343
0.0 0.333
0.0 0.332
0.0 0.456
0.0 0.334
0.0 0.333
1.0 0.336
0.0 0.330
0.0 0.336
0.0 0.463
1.0 0.342
0.0 0.338
0.0 0.337
0.0 0.330
0.0 0.334
0.0 0.465
1.0 0.333
0.0 0.332
0.0 0.329
0.0 0.338
0.0 0.330
0.0 0.338
0.0 0.333
0.0 0.337
0.0 0.340
0.0 0.328
0.0 0.337
0.0 0.341
0.0 0.337
0.0 0.333
1.0 0.329
0.0 0.331
0.0 0.331
0.0 0.333
0.0 0.334
0.0 0.333
0.0 0.327
0.0 0.332
0.0 0.332
0.0 0.336
0.0 0.334
0.0 0.359
1.0 0.336
0.0 0.335
0.0 0.336
0.0 0.334
0.0 0.327
0.0 0.335
1.0 0.332
0.0 0.341
0.0 0.337
0.0 0.339
0.0 0.327
0.0 0.335
0.0 0.337
0.0 0.342
0.0 0.339
0.0 0.330
0.0 0.334
0.0 0.339
0.0 0.341
0.0 0.339
0.0 0.328
0.0 0.335
0.0 0.326
0.0 0.325
0.0 0.328
0.0 0.327
0.0 0.350
0.0 0.328
0.0 0.461
0.0 0.351
1.0 0.334
0.0 0.333
0.0 0.332
0.0 0.334
0.0 0.325
0.0 0.339
0.0 0.323
0.0 0.462
0.0 0.345
0.0 0.338
0.0 0.332
0.0 0.328
1.0 0.333
0.0 0.327
0.0 0.330
0.0 0.330
0.0 0.336
0.0 0.331
0.0 0.330
1.0 0.338
0.0 0.332
1.0 0.337
0.0 0.335
0.0 0.339
0.0 0.329
0.0 0.337
0.0 0.334
0.0 0.335
0.0 0.336
0.0 0.325
0.0 0.338
0.0 0.333
0.0 0.335
0.0 0.331
0.0 0.338
0.0 0.329
0.0 0.336
0.0 0.333
0.0 0.331
0.0 0.334
0.0 0.343
0.0 0.337
1.0 0.337
0.0 0.327
0.0 0.337
0.0 0.338
0.0 0.343
0.0 0.338
0.0 0.332
1.0 0.465
0.0 0.327
0.0 0.336
0.0 0.335
0.0 0.333
0.0 0.333
0.0 0.337
0.0 0.341
0.0 0.341
0.0 0.335
0.0 0.339
0.0 0.333
0.0 0.325
0.0 0.336
1.0 0.462
0.0 0.456
0.0 0.464
0.0 0.334
0.0 0.329
1.0 0.466
0.0 0.454
0.0 0.331
0.0 0.334
0.0 0.331
0.0 0.338
0.0 0.336
0.0 0.334
0.0 0.328
0.0 0.338
0.0 0.339
0.0 0.333
0.0 0.333
0.0 0.456
0.0 0.340
0.0 0.327
0.0 0.334
0.0 0.337
0.0 0.329
0.0 0.326
0.0 0.331
0.0 0.334
0.0 0.339
0.0 0.337
0.0 0.335
1.0 0.332
1.0 0.462
0.0 0.330
0.0 0.332
0.0 0.336
0.0 0.343
0.0 0.333
0.0 0.335
0.0 0.331
0.0 0.332
0.0 0.339
1.0 0.340
0.0 0.335
0.0 0.339
0.0 0.466
0.0 0.331
0.0 0.336
0.0 0.455
0.0 0.340
0.0 0.335
0.0 0.334
0.0 0.343
0.0 0.338
0.0 0.334
0.0 0.333
0.0 0.332
0.0 0.464
0.0 0.338
0.0 0.336
0.0 0.456
0.0 0.455
0.0 0.334
0.0 0.332
0.0 0.337
0.0 0.343
0.0 0.331
0.0 0.329
0.0 0.329
1.0 0.331
0.0 0.334
0.0 0.349
0.0 0.334
0.0 0.336
0.0 0.338
0.0 0.339
0.0 0.336
0.0 0.458
0.0 0.340
0.0 0.327
0.0 0.340
0.0 0.334
0.0 0.332
0.0 0.337
0.0 0.345
0.0 0.339
0.0 0.333
0.0 0.338
0.0 0.330
0.0 0.338
1.0 0.340
0.0 0.333
0.0 0.334
0.0 0.335
1.0 0.461
0.0 0.335
0.0 0.463
0.0 0.340
0.0 0.337
0.0 0.337
0.0 0.339
0.0 0.333
0.0 0.332
0.0 0.330
0.0 0.334
0.0 0.331
0.0 0.342
0.0 0.332
0.0 0.329
0.0 0.330
0.0 0.338
0.0 0.330
0.0 0.329
0.0 0.333
0.0 0.336
0.0 0.464
0.0 0.342
0.0 0.342
1.0 0.335
0.0 0.335
0.0 0.335
0.0 0.340
0.0 0.331
1.0 0.335
0.0 0.335
0.0 0.331
0.0 0.457
0.0 0.340
0.0 0.337
0.0 0.335
0.0 0.337
0.0 0.335
0.0 0.335
0.0 0.332
1.0 0.467
0.0 0.329
0.0 0.459
0.0 0.327
0.0 0.338
0.0 0.331
0.0 0.334
0.0 0.331
0.0 0.331
0.0 0.338
0.0 0.336
0.0 0.329
0.0 0.329
0.0 0.332
0.0 0.332
0.0 0.332
0.0 0.335
1.0 0.335
0.0 0.334
0.0 0.338
0.0 0.336
0.0 0.326
0.0 0.330
0.0 0.336
0.0 0.326
0.0 0.332
0.0 0.328
0.0 0.337
1.0 0.338
0.0 0.334
0.0 0.333
0.0 0.328
0.0 0.329
0.0 0.334
0.0 0.460
0.0 0.332
0.0 0.331
0.0 0.340
0.0 0.459
0.0 0.342
0.0 0.329
0.0 0.326
0.0 0.336
0.0 0.459
0.0 0.328
0.0 0.331
1.0 0.466
0.0 0.337
0.0 0.329
0.0 0.341
0.0 0.324
0.0 0.336
0.0 0.342
0.0 0.337
0.0 0.340
0.0 0.336
0.0 0.341
0.0 0.333
0.0 0.336
0.0 0.338
0.0 0.461
1.0 0.342
0.0 0.329
0.0 0.344
0.0 0.337
0.0 0.335
0.0 0.331
0.0 0.334
0.0 0.335
0.0 0.342
0.0 0.339
0.0 0.467
0.0 0.459
0.0 0.465
0.0 0.341
0.0 0.331
0.0 0.331
0.0 0.331
0.0 0.326
0.0 0.337
0.0 0.329
0.0 0.337
0.0 0.338
0.0 0.328
1.0 0.467
0.0 0.326
0.0 0.331
0.0 0.332
0.0 0.327
0.0 0.345
0.0 0.341
0.0 0.337
0.0 0.329
0.0 0.335
0.0 0.337
0.0 0.333
0.0 0.457
0.0 0.331
0.0 0.341
0.0 0.329
0.0 0.335
1.0 0.462
0.0 0.332
0.0 0.336
0.0 0.337
0.0 0.336
0.0 0.334
0.0 0.337
0.0 0.339
0.0 0.334
0.0 0.456
0.0 0.334
0.0 0.328
1.0 0.334
0.0 0.338
0.0 0.338
0.0 0.338
0.0 0.336
0.0 0.455
0.0 0.339
0.0 0.345
0.0 0.333
1.0 0.334
0.0 0.339
0.0 0.338
0.0 0.334
0.0 0.335
0.0 0.332
0.0 0.334
0.0 0.332
0.0 0.327
0.0 0.333
0.0 0.330
0.0 0.335
0.0 0.337
0.0 0.330
0.0 0.329
0.0 0.337
0.0 0.329
0.0 0.345
0.0 0.331
0.0 0.331
0.0 0.335
0.0 0.338
0.0 0.338
0.0 0.340
0.0 0.329
0.0 0.341
0.0 0.335
0.0 0.335
0.0 0.333
0.0 0.338
0.0 0.342
0.0 0.332
0.0 0.332
0.0 0.332
0.0 0.332
0.0 0.331
0.0 0.339
0.0 0.338
0.0 0.334
0.0 0.324
0.0 0.331
0.0 0.344
1.0 0.459
0.0 0.338
0.0 0.335
0.0 0.331
0.0 0.332
0.0 0.459
0.0 0.462
0.0 0.337
1.0 0.341
0.0 0.332
0.0 0.324
0.0 0.333
0.0 0.329
1.0 0.333
0.0 0.338
0.0 0.335
0.0 0.340
0.0 0.342
0.0 0.333
0.0 0.460
0.0 0.331
0.0 0.333
0.0 0.331
0.0 0.338
0.0 0.336
0.0 0.462
0.0 0.335
0.0 0.330
0.0 0.332
0.0 0.341
0.0 0.334
0.0 0.457
0.0 0.341
0.0 0.335
0.0 0.328
0.0 0.331
0.0 0.331
0.0 0.337
0.0 0.458
0.0 0.335
0.0 0.463
1.0 0.338
0.0 0.335
0.0 0.330
0.0 0.334
0.0 0.333
0.0 0.330
0.0 0.341
0.0 0.334
0.0 0.336
0.0 0.458
0.0 0.330
0.0 0.340
0.0 0.338
0.0 0.334
0.0 0.340
0.0 0.333
0.0 0.332
0.0 0.334
1.0 0.336
0.0 0.336
0.0 0.331
0.0 0.328
0.0 0.334
0.0 0.338
1.0 0.333
0.0 0.340
0.0 0.331
0.0 0.465
0.0 0.338
0.0 0.334
0.0 0.340
0.0 0.338
0.0 0.335
0.0 0.332
0.0 0.333
0.0 0.333
0.0 0.342
0.0 0.342
0.0 0.336
0.0 0.460
0.0 0.334
0.0 0.327
0.0 0.328
0.0 0.338
0.0 0.337
0.0 0.331
0.0 0.335
0.0 0.333
0.0 0.333
0.0 0.336
0.0 0.340
0.0 0.328
0.0 0.339
0.0 0.326
0.0 0.330
0.0 0.335
0.0 0.336
0.0 0.328
0.0 0.338
0.0 0.337
0.0 0.333
0.0 0.336
0.0 0.334
0.0 0.334
0.0 0.339
0.0 0.345
1.0 0.342
0.0 0.336
0.0 0.339
0.0 0.332
0.0 0.332
0.0 0.333
0.0 0.332
0.0 0.331
0.0 0.334
0.0 0.341
0.0 0.457
0.0 0.341
0.0 0.326
1.0 0.336
0.0 0.333
0.0 0.331
0.0 0.327
0.0 0.336
0.0 0.339
0.0 0.459
0.0 0.336
0.0 0.331
0.0 0.334
0.0 0.340
0.0 0.340
0.0 0.353
0.0 0.335
0.0 0.335
0.0 0.338
0.0 0.331
0.0 0.331
0.0 0.327
0.0 0.333
0.0 0.338
0.0 0.332
0.0 0.346
0.0 0.325
0.0 0.333
0.0 0.332
1.0 0.338
0.0 0.332
0.0 0.334
0.0 0.334
0.0 0.340
0.0 0.334
0.0 0.456
0.0 0.342
0.0 0.339
0.0 0.336
0.0 0.340
0.0 0.337
0.0 0.331
0.0 0.334
0.0 0.340
0.0 0.336
0.0 0.332
0.0 0.334
0.0 0.338
0.0 0.335
0.0 0.334
0.0 0.340
0.0 0.330
0.0 0.336
0.0 0.328
0.0 0.335
0.0 0.330
0.0 0.335
0.0 0.342
0.0 0.342
0.0 0.335
0.0 0.333
0.0 0.337
0.0 0.338
0.0 0.329
0.0 0.330
0.0 0.334
0.0 0.331
0.0 0.329
0.0 0.336
0.0 0.342
0.0 0.331
0.0 0.331
0.0 0.341
0.0 0.340
0.0 0.352
0.0 0.458
0.0 0.331
0.0 0.455
0.0 0.343
0.0 0.342
0.0 0.331
0.0 0.330
0.0 0.337
1.0 0.468
0.0 0.335
1.0 0.345
0.0 0.330
1.0 0.329
0.0 0.332
0.0 0.333
0.0 0.333
0.0 0.338
0.0 0.336
0.0 0.339
0.0 0.335
0.0 0.324
0.0 0.336
0.0 0.332
0.0 0.332
0.0 0.337
0.0 0.464
0.0 0.338
0.0 0.340
0.0 0.332
0.0 0.339
0.0 0.344
0.0 0.333
0.0 0.334
0.0 0.337
0.0 0.450
0.0 0.329
0.0 0.331
0.0 0.329
0.0 0.334
0.0 0.334
0.0 0.333
0.0 0.342
0.0 0.330
0.0 0.340
0.0 0.335
0.0 0.332
0.0 0.331
1.0 0.336
0.0 0.336
0.0 0.331
0.0 0.338
1.0 0.331
0.0 0.337
0.0 0.458
0.0 0.333
0.0 0.334
0.0 0.345
0.0 0.330
0.0 0.342
1.0 0.334
0.0 0.338
0.0 0.325
0.0 0.336
0.0 0.334
0.0 0.329
0.0 0.336
0.0 0.337
0.0 0.336
0.0 0.330
0.0 0.452
0.0 0.338
1.0 0.330
0.0 0.332
0.0 0.336
0.0 0.328
0.0 0.331
0.0 0.330
0.0 0.333
0.0 0.338
0.0 0.329
0.0 0.332
0.0 0.339
0.0 0.347
0.0 0.333
0.0 0.460
0.0 0.337
0.0 0.332
0.0 0.333
0.0 0.333
0.0 0.330
0.0 0.329
0.0 0.337
0.0 0.334
0.0 0.341
0.0 0.329
0.0 0.347
0.0 0.345
0.0 0.336
0.0 0.338
0.0 0.335
0.0 0.328
0.0 0.331
0.0 0.334
1.0 0.329
0.0 0.335
0.0 0.338
1.0 0.343
1.0 0.326
0.0 0.335
0.0 0.341
0.0 0.333
0.0 0.342
0.0 0.332
0.0 0.337
0.0 0.337
0.0 0.331
0.0 0.345
0.0 0.328
0.0 0.339
0.0 0.338
0.0 0.465
0.0 0.339
0.0 0.334
0.0 0.336
0.0 0.333
0.0 0.336
0.0 0.343
0.0 0.339
0.0 0.338
0.0 0.338
0.0 0.343
0.0 0.329
1.0 0.335
0.0 0.331
0.0 0.332
0.0 0.332
0.0 0.332
0.0 0.331
0.0 0.329
0.0 0.331
0.0 0.332
0.0 0.337
0.0 0.461
0.0 0.335
0.0 0.341
0.0 0.330
0.0 0.334
0.0 0.328
0.0 0.341
0.0 0.337
0.0 0.330
0.0 0.337
0.0 0.336
0.0 0.331
0.0 0.328
1.0 0.337
0.0 0.333
0.0 0.333
0.0 0.329
0.0 0.339
0.0 0.340
0.0 0.340
0.0 0.336
0.0 0.335
0.0 0.460
0.0 0.327
0.0 0.337
0.0 0.330
0.0 0.458
0.0 0.335
0.0 0.339
0.0 0.337
0.0 0.341
1.0 0.340
0.0 0.332
0.0 0.336
0.0 0.335
0.0 0.343
0.0 0.333
0.0 0.331
0.0 0.329
0.0 0.343
0.0 0.328
0.0 0.331
1.0 0.341
0.0 0.334
0.0 0.330
0.0 0.346
0.0 0.331
0.0 0.334
0.0 0.334
0.0 0.331
0.0 0.331
0.0 0.334
0.0 0.326
0.0 0.333
0.0 0.334
0.0 0.336
0.0 0.335
0.0 0.343
0.0 0.334
0.0 0.341
0.0 0.461
0.0 0.335
0.0 0.330
0.0 0.337
0.0 0.338
0.0 0.339
0.0 0.330
0.0 0.336
0.0 0.326
0.0 0.329
0.0 0.334
0.0 0.330
0.0 0.328
0.0 0.464
0.0 0.337
0.0 0.343
0.0 0.333
0.0 0.335
0.0 0.334
0.0 0.330
0.0 0.330
0.0 0.335
0.0 0.335
0.0 0.334
1.0 0.336
0.0 0.334
0.0 0.332
0.0 0.331
0.0 0.330
0.0 0.335
0.0 0.327
0.0 0.337
0.0 0.334
0.0 0.330
0.0 0.336
0.0 0.336
0.0 0.337
0.0 0.330
0.0 0.341
0.0 0.333
0.0 0.332
0.0 0.329
0.0 0.334
0.0 0.336
0.0 0.336
0.0 0.327
0.0 0.335
0.0 0.333
0.0 0.337
0.0 0.338
0.0 0.334
0.0 0.338
0.0 0.330
0.0 0.336
0.0 0.332
0.0 0.460
0.0 0.330
0.0 0.335
0.0 0.344
0.0 0.459
0.0 0.338
0.0 0.332
0.0 0.336
0.0 0.336
0.0 0.337
0.0 0.335
0.0 0.335
0.0 0.339
0.0 0.334
0.0 0.332
0.0 0.459
0.0 0.333
0.0 0.335
0.0 0.331
0.0 0.335
0.0 0.328
0.0 0.332
1.0 0.339
0.0 0.328
0.0 0.328
0.0 0.330
0.0 0.339
0.0 0.335
0.0 0.332
0.0 0.335
0.0 0.329
0.0 0.334
0.0 0.329
0.0 0.331
0.0 0.326
1.0 0.335
0.0 0.330
0.0 0.334
0.0 0.344
0.0 0.338
0.0 0.335
0.0 0.328
0.0 0.334
0.0 0.333
0.0 0.338
0.0 0.336
0.0 0.339
0.0 0.458
0.0 0.331
0.0 0.460
0.0 0.330
0.0 0.332
0.0 0.335
0.0 0.336
0.0 0.334
0.0 0.325
0.0 0.333
0.0 0.333
0.0 0.338
1.0 0.333
0.0 0.337
0.0 0.334
0.0 0.324
0.0 0.339
0.0 0.335
0.0 0.337
1.0 0.332
0.0 0.337
1.0 0.336
0.0 0.332
0.0 0.459
0.0 0.327
0.0 0.344
0.0 0.342
0.0 0.334
0.0 0.339
0.0 0.335
0.0 0.332
0.0 0.331
0.0 0.333
1.0 0.329
0.0 0.329
0.0 0.333
0.0 0.335
1.0 0.333
0.0 0.334
0.0 0.335
0.0 0.336
0.0 0.339
0.0 0.335
0.0 0.334
0.0 0.330
1.0 0.333
0.0 0.334
0.0 0.343
0.0 0.340
0.0 0.332
0.0 0.335
0.0 0.333
0.0 0.329
0.0 0.334
0.0 0.461
0.0 0.334
0.0 0.337
0.0 0.336
0.0 0.336
0.0 0.341
0.0 0.329
0.0 0.339
0.0 0.327
0.0 0.336
0.0 0.334
0.0 0.332
1.0 0.339
1.0 0.465
0.0 0.334
0.0 0.338
0.0 0.461
0.0 0.333
0.0 0.337
0.0 0.338
0.0 0.341
0.0 0.343
0.0 0.333
0.0 0.331
0.0 0.464
0.0 0.336
0.0 0.331
0.0 0.340
0.0 0.334
0.0 0.339
0.0 0.330
0.0 0.334
0.0 0.336
1.0 0.335
0.0 0.335
0.0 0.331
0.0 0.335
0.0 0.335
0.0 0.347
0.0 0.333
0.0 0.331
0.0 0.338
0.0 0.332
0.0 0.334
0.0 0.333
0.0 0.334
0.0 0.335
0.0 0.462
0.0 0.330
0.0 0.332
0.0 0.335
0.0 0.328
0.0 0.333
0.0 0.354
0.0 0.342
0.0 0.341
0.0 0.460
0.0 0.339
1.0 0.339
0.0 0.337
0.0 0.342
0.0 0.334
0.0 0.334
0.0 0.333
0.0 0.330
0.0 0.328
0.0 0.332
0.0 0.327
0.0 0.339
0.0 0.342
1.0 0.340
0.0 0.326
0.0 0.334
0.0 0.350
0.0 0.335
0.0 0.327
0.0 0.332
0.0 0.327
0.0 0.338
0.0 0.325
0.0 0.460
0.0 0.333
0.0 0.342
0.0 0.333
0.0 0.337
0.0 0.338
0.0 0.465
0.0 0.337
0.0 0.331
0.0 0.329
1.0 0.337
0.0 0.341
0.0 0.342
0.0 0.343
0.0 0.336
0.0 0.338
0.0 0.327
0.0 0.329
0.0 0.330
0.0 0.328
0.0 0.455
0.0 0.329
0.0 0.330
0.0 0.335
0.0 0.329
1.0 0.464
0.0 0.462
0.0 0.336
0.0 0.326
0.0 0.332
0.0 0.331
0.0 0.327
0.0 0.339
0.0 0.333
0.0 0.326
0.0 0.334
0.0 0.332
0.0 0.338
0.0 0.331
0.0 0.337
0.0 0.331
0.0 0.342
0.0 0.333
0.0 0.336
0.0 0.330
0.0 0.333
0.0 0.350
0.0 0.330
0.0 0.334
0.0 0.339
0.0 0.335
0.0 0.338
0.0 0.338
0.0 0.332
0.0 0.342
0.0 0.463
0.0 0.330
0.0 0.334
0.0 0.329
0.0 0.331
0.0 0.335
0.0 0.332
0.0 0.335
0.0 0.333
0.0 0.336
0.0 0.328
0.0 0.341
0.0 0.335
0.0 0.332
0.0 0.339
0.0 0.333
0.0 0.324
0.0 0.335
0.0 0.343
0.0 0.337
1.0 0.347
0.0 0.328
0.0 0.334
0.0 0.330
0.0 0.331
0.0 0.465
0.0 0.335
0.0 0.328
0.0 0.465
0.0 0.335
0.0 0.333
0.0 0.330
0.0 0.455
0.0 0.335
0.0 0.337
0.0 0.327
0.0 0.345
0.0 0.337
0.0 0.331
0.0 0.331
0.0 0.330
0.0 0.331
0.0 0.324
0.0 0.334
0.0 0.329
0.0 0.339
0.0 0.336
0.0 0.333
0.0 0.347
0.0 0.324
0.0 0.328
0.0 0.342
0.0 0.338
0.0 0.339
0.0 0.335
0.0 0.332
0.0 0.346
0.0 0.339
0.0 0.336
1.0 0.341
0.0 0.461
0.0 0.345
0.0 0.332
0.0 0.327
0.0 0.343
0.0 0.343
0.0 0.336
0.0 0.335
0.0 0.345
0.0 0.332
0.0 0.328
0.0 0.336
0.0 0.327
0.0 0.334
0.0 0.341
0.0 0.338
0.0 0.329
0.0 0.338
0.0 0.333
0.0 0.331
1.0 0.341
0.0 0.338
0.0 0.334
0.0 0.338
0.0 0.464
0.0 0.335
0.0 0.338
0.0 0.338
0.0 0.338
0.0 0.325
1.0 0.348
0.0 0.328
0.0 0.331
0.0 0.334
0.0 0.327
0.0 0.331
0.0 0.335
0.0 0.344
0.0 0.328
0.0 0.331
1.0 0.337
0.0 0.343
0.0 0.345
0.0 0.336
0.0 0.330
0.0 0.336
0.0 0.340
1.0 0.333
0.0 0.330
1.0 0.335
0.0 0.459
0.0 0.331
0.0 0.330
0.0 0.334
0.0 0.330
0.0 0.338
0.0 0.332
0.0 0.333
0.0 0.345
0.0 0.327
0.0 0.334
0.0 0.462
0.0 0.337
0.0 0.332
0.0 0.340
0.0 0.336
1.0 0.334
0.0 0.329
0.0 0.331
0.0 0.332
0.0 0.339
0.0 0.330
0.0 0.331
0.0 0.329
0.0 0.335
0.0 0.338
0.0 0.337
0.0 0.327
0.0 0.332
0.0 0.345
0.0 0.328
0.0 0.341
0.0 0.334
0.0 0.332
0.0 0.328
0.0 0.339
0.0 0.334
1.0 0.333
0.0 0.330
1.0 0.337
0.0 0.332
0.0 0.333
0.0 0.343
0.0 0.325
0.0 0.328
0.0 0.338
0.0 0.339
0.0 0.334
0.0 0.339
0.0 0.331
0.0 0.331
0.0 0.334
0.0 0.461
0.0 0.342
0.0 0.459
0.0 0.332
0.0 0.335
0.0 0.334
0.0 0.338
0.0 0.341
0.0 0.336
0.0 0.336
0.0 0.333
0.0 0.338
1.0 0.334
0.0 0.466
1.0 0.460
0.0 0.334
0.0 0.337
0.0 0.459
1.0 0.343
0.0 0.330
0.0 0.331
0.0 0.341
0.0 0.341
0.0 0.337
0.0 0.336
0.0 0.329
0.0 0.460
0.0 0.330
0.0 0.330
0.0 0.338
0.0 0.331
0.0 0.335
0.0 0.333
1.0 0.457
0.0 0.340
0.0 0.331
0.0 0.329
0.0 0.340
0.0 0.341
1.0 0.334
0.0 0.332
0.0 0.334
0.0 0.338
0.0 0.328
0.0 0.329
0.0 0.331
0.0 0.334
0.0 0.340
1.0 0.338
0.0 0.335
0.0 0.332
0.0 0.339
0.0 0.333
0.0 0.340
1.0 0.342
0.0 0.337
0.0 0.336
0.0 0.338
0.0 0.349
0.0 0.341
0.0 0.343
0.0 0.344
0.0 0.344
0.0 0.328
1.0 0.328
0.0 0.342
0.0 0.333
0.0 0.335
0.0 0.332
0.0 0.337
1.0 0.339
0.0 0.326
0.0 0.340
0.0 0.460
0.0 0.332
0.0 0.338
0.0 0.327
0.0 0.332
0.0 0.334
0.0 0.333
0.0 0.331
1.0 0.332
0.0 0.342
0.0 0.459
0.0 0.336
0.0 0.326
0.0 0.453
1.0 0.339
0.0 0.464
0.0 0.331
0.0 0.336
0.0 0.331
0.0 0.336
1.0 0.335
0.0 0.337
0.0 0.338
0.0 0.334
0.0 0.344
0.0 0.337
0.0 0.333
0.0 0.331
0.0 0.334
0.0 0.340
0.0 0.466
0.0 0.333
0.0 0.334
0.0 0.331
0.0 0.338
0.0 0.338
0.0 0.332
0.0 0.335
0.0 0.335
0.0 0.336
0.0 0.342
0.0 0.341
0.0 0.329
0.0 0.335
0.0 0.332
0.0 0.343
0.0 0.331
0.0 0.460
0.0 0.332
0.0 0.326
0.0 0.336
0.0 0.336
0.0 0.327
0.0 0.335
0.0 0.338
0.0 0.332
0.0 0.341
1.0 0.338
0.0 0.331
1.0 0.465
0.0 0.332
0.0 0.330
0.0 0.333
0.0 0.334
1.0 0.336
0.0 0.325
0.0 0.328
0.0 0.334
0.0 0.335
0.0 0.329
0.0 0.325
0.0 0.335
0.0 0.457
0.0 0.327
0.0 0.338
0.0 0.340
0.0 0.342
0.0 0.338
0.0 0.335
0.0 0.334
0.0 0.329
0.0 0.338
0.0 0.344
0.0 0.327
0.0 0.335
0.0 0.456
1.0 0.463
0.0 0.338
0.0 0.339
0.0 0.335
0.0 0.328
0.0 0.333
0.0 0.463
0.0 0.328
0.0 0.332
0.0 0.465
0.0 0.336
1.0 0.335
0.0 0.336
0.0 0.467
0.0 0.335
0.0 0.332
0.0 0.325
0.0 0.340
0.0 0.338
0.0 0.336
0.0 0.458
1.0 0.332
0.0 0.335
0.0 0.338
0.0 0.333
0.0 0.327
1.0 0.327
0.0 0.333
0.0 0.337
0.0 0.332
0.0 0.341
0.0 0.339
0.0 0.338
0.0 0.347
0.0 0.330
0.0 0.334
0.0 0.335
0.0 0.338
0.0 0.337
0.0 0.332
0.0 0.332
0.0 0.332
1.0 0.335
0.0 0.464
0.0 0.337
0.0 0.337
0.0 0.345
0.0 0.329
0.0 0.329
0.0 0.328
0.0 0.337
0.0 0.325
0.0 0.340
0.0 0.339
0.0 0.335
0.0 0.337
0.0 0.331
0.0 0.328
0.0 0.340
0.0 0.329
0.0 0.330
0.0 0.337
0.0 0.341
0.0 0.334
0.0 0.331
0.0 0.340
0.0 0.325
0.0 0.329
0.0 0.337
0.0 0.348
0.0 0.329
0.0 0.334
0.0 0.344
0.0 0.341
0.0 0.339
0.0 0.334
0.0 0.461
1.0 0.331
0.0 0.332
0.0 0.332
0.0 0.336
0.0 0.325
0.0 0.338
0.0 0.335
0.0 0.331
0.0 0.331
0.0 0.336
0.0 0.336
0.0 0.339
0.0 0.332
0.0 0.330
0.0 0.341
0.0 0.337
0.0 0.337
0.0 0.330
0.0 0.337
0.0 0.338
0.0 0.333
0.0 0.332
0.0 0.330
0.0 0.332
0.0 0.333
0.0 0.331
0.0 0.332
0.0 0.334
0.0 0.459
0.0 0.333
0.0 0.329
0.0 0.337
0.0 0.336
0.0 0.331
0.0 0.329
0.0 0.342
0.0 0.333
0.0 0.332
0.0 0.335
0.0 0.336
0.0 0.334
0.0 0.332
0.0 0.327
0.0 0.329
0.0 0.336
0.0 0.332
0.0 0.466
0.0 0.338
0.0 0.339
0.0 0.338
0.0 0.330
0.0 0.336
1.0 0.338
0.0 0.329
0.0 0.331
0.0 0.335
0.0 0.331
0.0 0.335
1.0 0.333
0.0 0.331
0.0 0.341
0.0 0.337
0.0 0.334
0.0 0.334
0.0 0.339
0.0 0.458
0.0 0.337
1.0 0.337
1.0 0.327
0.0 0.332
0.0 0.335
0.0 0.339
0.0 0.329
0.0 0.334
0.0 0.333
0.0 0.333
0.0 0.337
0.0 0.331
0.0 0.458
0.0 0.330
0.0 0.335
0.0 0.334
0.0 0.337
0.0 0.334
1.0 0.338
0.0 0.337
0.0 0.340
0.0 0.458
0.0 0.326
0.0 0.342
0.0 0.340
0.0 0.333
0.0 0.331
0.0 0.339
0.0 0.336
0.0 0.456
0.0 0.335
0.0 0.339
0.0 0.340
0.0 0.337
0.0 0.333
0.0 0.343
0.0 0.334
0.0 0.334
0.0 0.337
0.0 0.336
0.0 0.336
0.0 0.467
0.0 0.332
0.0 0.339
0.0 0.337
0.0 0.333
1.0 0.331
1.0 0.337
0.0 0.342
0.0 0.336
0.0 0.327
0.0 0.344
0.0 0.459
0.0 0.336
0.0 0.340
0.0 0.458
0.0 0.456
0.0 0.341
0.0 0.329
1.0 0.334
0.0 0.324
0.0 0.329
0.0 0.327
0.0 0.335
0.0 0.333
1.0 0.340
0.0 0.329
0.0 0.338
0.0 0.335
0.0 0.334
0.0 0.330
0.0 0.460
0.0 0.338
0.0 0.337
0.0 0.335
0.0 0.456
0.0 0.343
0.0 0.331
0.0 0.345
1.0 0.334
0.0 0.329
0.0 0.340
0.0 0.330
0.0 0.332
0.0 0.460
1.0 0.328
0.0 0.464
0.0 0.333
0.0 0.334
0.0 0.332
0.0 0.335
0.0 0.325
0.0 0.330
0.0 0.335
0.0 0.327
0.0 0.334
0.0 0.337
1.0 0.342
0.0 0.466
0.0 0.340
1.0 0.469
0.0 0.332
0.0 0.338
0.0 0.330
0.0 0.333
0.0 0.468
0.0 0.338
0.0 0.343
0.0 0.338
0.0 0.339
1.0 0.464
0.0 0.330
1.0 0.337
1.0 0.343
0.0 0.333
0.0 0.331
0.0 0.329
0.0 0.335
1.0 0.337
0.0 0.329
0.0 0.333
0.0 0.337
0.0 0.334
0.0 0.333
0.0 0.329
0.0 0.331
0.0 0.334
0.0 0.336
1.0 0.463
0.0 0.334
0.0 0.334
1.0 0.339
0.0 0.339
0.0 0.340
0.0 0.339
0.0 0.333
0.0 0.327
0.0 0.334
0.0 0.333
0.0 0.337
0.0 0.334
0.0 0.326
0.0 0.337
0.0 0.328
0.0 0.343
0.0 0.336
0.0 0.343
0.0 0.333
0.0 0.335
0.0 0.338
0.0 0.332
0.0 0.342
0.0 0.337
0.0 0.464
0.0 0.333
0.0 0.330
0.0 0.332
0.0 0.331
0.0 0.331
0.0 0.338
0.0 0.454
0.0 0.331
0.0 0.332
1.0 0.464
0.0 0.329
1.0 0.337
0.0 0.334
0.0 0.335
0.0 0.332
0.0 0.332
0.0 0.335
0.0 0.339
1.0 0.339
0.0 0.328
0.0 0.336
0.0 0.330
0.0 0.327
0.0 0.338
0.0 0.339
0.0 0.460
0.0 0.330
0.0 0.327
0.0 0.335
0.0 0.339
0.0 0.336
0.0 0.338
1.0 0.337
0.0 0.330
0.0 0.334
0.0 0.337
0.0 0.464
0.0 0.340
1.0 0.460
1.0 0.350
1.0 0.336
0.0 0.339
0.0 0.347
0.0 0.339
0.0 0.329
0.0 0.330
0.0 0.333
0.0 0.333
0.0 0.335
0.0 0.337
0.0 0.329
0.0 0.341
0.0 0.329
0.0 0.333
0.0 0.455
0.0 0.341
0.0 0.339
0.0 0.336
0.0 0.336
0.0 0.332
0.0 0.334
0.0 0.466
0.0 0.330
0.0 0.464
1.0 0.329
0.0 0.326
0.0 0.336
0.0 0.337
0.0 0.340
0.0 0.465
1.0 0.339
0.0 0.332
0.0 0.333
0.0 0.331
0.0 0.339
0.0 0.464
0.0 0.335
0.0 0.336
0.0 0.341
0.0 0.335
0.0 0.333
0.0 0.329
0.0 0.336
0.0 0.335
0.0 0.343
0.0 0.340
0.0 0.335
1.0 0.336
0.0 0.333
0.0 0.332
0.0 0.336
0.0 0.341
0.0 0.331
0.0 0.331
0.0 0.326
0.0 0.336
0.0 0.465
0.0 0.334
0.0 0.332
0.0 0.333
0.0 0.328
0.0 0.333
0.0 0.330
0.0 0.341
0.0 0.331
0.0 0.328
0.0 0.346
0.0 0.337
1.0 0.339
0.0 0.336
0.0 0.464
0.0 0.335
0.0 0.330
0.0 0.337
0.0 0.338
0.0 0.339
0.0 0.335
0.0 0.358
0.0 0.339
0.0 0.330
0.0 0.329
0.0 0.331
0.0 0.336
0.0 0.337
0.0 0.458
0.0 0.331
1.0 0.457
0.0 0.332
0.0 0.330
0.0 0.332
0.0 0.335
0.0 0.336
0.0 0.332
0.0 0.335
0.0 0.339
0.0 0.336
0.0 0.342
0.0 0.339
0.0 0.337
0.0 0.333
0.0 0.341
0.0 0.331
0.0 0.340
0.0 0.334
0.0 0.337
0.0 0.337
0.0 0.456
0.0 0.327
0.0 0.336
0.0 0.335
0.0 0.331
0.0 0.337
0.0 0.333
0.0 0.459
0.0 0.330
0.0 0.327
0.0 0.331
0.0 0.331
0.0 0.334
0.0 0.338
0.0 0.329
0.0 0.340
0.0 0.339
0.0 0.328
0.0 0.335
0.0 0.336
0.0 0.328
0.0 0.332
0.0 0.330
0.0 0.455
0.0 0.341
0.0 0.337
0.0 0.328
0.0 0.334
0.0 0.327
0.0 0.339
0.0 0.451
0.0 0.334
0.0 0.332
0.0 0.330
0.0 0.343
0.0 0.338
0.0 0.466
1.0 0.465
0.0 0.333
0.0 0.329
0.0 0.335
0.0 0.337
0.0 0.460
0.0 0.336
0.0 0.337
0.0 0.340
0.0 0.329
0.0 0.326
0.0 0.339
0.0 0.332
0.0 0.336
0.0 0.466
0.0 0.333
0.0 0.334
0.0 0.336
0.0 0.338
0.0 0.332
0.0 0.338
0.0 0.327
0.0 0.330
1.0 0.458
0.0 0.457
0.0 0.330
0.0 0.332
0.0 0.341
0.0 0.336
0.0 0.339
0.0 0.336
0.0 0.337
0.0 0.342
0.0 0.340
1.0 0.342
0.0 0.335
0.0 0.330
0.0 0.340
0.0 0.340
1.0 0.466
0.0 0.335
0.0 0.331
0.0 0.330
0.0 0.332
0.0 0.335
0.0 0.337
0.0 0.337
0.0 0.333
0.0 0.465
0.0 0.333
0.0 0.330
0.0 0.331
0.0 0.334
0.0 0.337
1.0 0.336
0.0 0.330
0.0 0.458
0.0 0.332
0.0 0.331
0.0 0.336
0.0 0.331
0.0 0.332
0.0 0.331
0.0 0.335
0.0 0.457
0.0 0.465
0.0 0.329
0.0 0.335
0.0 0.335
0.0 0.328
0.0 0.335
0.0 0.332
1.0 0.332
0.0 0.331
0.0 0.333
0.0 0.333
0.0 0.335
0.0 0.333
0.0 0.340
0.0 0.331
0.0 0.339
0.0 0.331
0.0 0.334
1.0 0.343
0.0 0.336
0.0 0.331
0.0 0.333
0.0 0.337
0.0 0.466
0.0 0.335
0.0 0.466
0.0 0.333
0.0 0.351
1.0 0.330
0.0 0.337
0.0 0.337
0.0 0.332
0.0 0.327
1.0 0.342
0.0 0.458
1.0 0.340
0.0 0.332
0.0 0.333
0.0 0.331
1.0 0.329
1.0 0.336
0.0 0.337
0.0 0.339
0.0 0.348
0.0 0.339
0.0 0.335
0.0 0.329
0.0 0.330
0.0 0.324
0.0 0.462
0.0 0.338
0.0 0.333
0.0 0.336
0.0 0.333
0.0 0.337
0.0 0.328
0.0 0.342
0.0 0.334
0.0 0.328
0.0 0.339
0.0 0.333
0.0 0.331
0.0 0.330
0.0 0.335
0.0 0.339
0.0 0.331
0.0 0.334
0.0 0.340
0.0 0.330
0.0 0.459
0.0 0.338
0.0 0.326
0.0 0.330
0.0 0.466
1.0 0.339
0.0 0.337
0.0 0.332
0.0 0.335
0.0 0.341
0.0 0.341
0.0 0.341
0.0 0.336
0.0 0.335
0.0 0.462
0.0 0.333
0.0 0.335
0.0 0.332
0.0 0.457
0.0 0.332
0.0 0.334
1.0 0.340
0.0 0.337
1.0 0.330
0.0 0.343
0.0 0.327
0.0 0.330
0.0 0.332
0.0 0.330
0.0 0.337
0.0 0.337
0.0 0.457
1.0 0.341
0.0 0.458
0.0 0.336
0.0 0.334
0.0 0.336
0.0 0.339
0.0 0.329
0.0 0.340
0.0 0.330
0.0 0.335
0.0 0.323
0.0 0.337
