0.0 0.902
0.0 0.847
0.0 0.925
0.0 0.642
0.0 0.866
0.0 0.175
0.0 0.976
0.0 0.276
0.0 0.918
0.0 0.354
0.0 0.996
0.0 0.411
0.0 0.290
0.0 0.450
1.0 0.806
1.0 0.860
1.0 0.905
1.0 0.749
1.0 0.863
1.0 0.836
1.0 0.896
1.0 0.940
1.0 0.965
1.0 0.875
1.0 0.912
1.0 0.666
1.0 0.930
1.0 0.802
1.0 0.942
1.0 0.831
1.0 0.715
1.0 0.923
1.0 0.875
1.0 0.974
1.0 0.980
1.0 0.931
1.0 0.972
1.0 0.923
1.0 0.959
1.0 0.975
1.0 0.984
1.0 0.808
1.0 0.801
1.0 0.546
1.0 0.818
1.0 0.899
1.0 0.878
1.0 0.956
1.0 0.644
1.0 0.969
1.0 0.765
1.0 0.287
1.0 0.867
1.0 0.982
1.0 0.599
1.0 0.882
1.0 0.699
1.0 0.986
1.0 0.933
1.0 0.974
1.0 0.971
1.0 0.728
1.0 0.266
1.0 0.983
1.0 0.984
1.0 0.978
1.0 0.953
1.0 0.814
1.0 0.936
1.0 0.913
1.0 0.757
1.0 0.897
1.0 0.964
1.0 0.953
1.0 0.907
1.0 0.964
1.0 0.979
1.0 0.701
1.0 0.765
1.0 0.889
1.0 0.868
1.0 0.974
1.0 0.981
1.0 0.953
1.0 0.928
1.0 0.844
1.0 0.838
1.0 0.939
1.0 0.951
1.0 0.664
1.0 0.942
1.0 0.663
1.0 0.867
1.0 0.969
1.0 0.962
1.0 0.969
1.0 0.884
1.0 0.921
1.0 0.944
1.0 0.969
1.0 0.985
1.0 0.939
1.0 0.971
1.0 0.960
1.0 0.579
1.0 0.803
1.0 0.981
1.0 0.971
1.0 0.981
1.0 0.962
1.0 0.981
1.0 0.939
1.0 0.964
1.0 0.881
1.0 0.978
1.0 0.983
1.0 0.914
1.0 0.893
1.0 0.859
1.0 0.898
1.0 0.836
1.0 0.936
1.0 0.735
1.0 0.926
1.0 0.968
1.0 0.895
1.0 0.886
1.0 0.899
1.0 0.964
1.0 0.980
1.0 0.736
1.0 0.947
1.0 0.898
1.0 0.877
1.0 0.894
1.0 0.917
1.0 0.902
1.0 0.969
1.0 0.890
