1.0 0.480
0.0 0.060
0.0 0.181
0.0 0.000
1.0 0.300
1.0 0.410
0.0 0.027
1.0 0.575
0.0 0.038
0.0 0.171
0.0 0.005
0.0 0.020
0.0 0.111
0.0 0.000
0.0 0.033
0.0 0.000
1.0 0.787
1.0 0.783
0.0 0.596
0.0 0.000
0.0 0.655
0.0 0.148
0.0 0.057
1.0 0.729
1.0 0.436
0.0 0.650
0.0 0.051
0.0 0.000
0.0 0.181
0.0 0.211
0.0 0.196
0.0 0.048
0.0 0.000
0.0 0.051
0.0 0.000
0.0 0.040
0.0 0.128
0.0 0.352
0.0 0.336
0.0 0.299
0.0 0.124
0.0 0.000
0.0 0.078
0.0 0.090
0.0 0.000
0.0 0.022
1.0 0.661
0.0 0.256
1.0 0.436
0.0 0.124
0.0 0.000
0.0 0.020
0.0 0.056
0.0 0.182
1.0 0.279
0.0 0.780
0.0 0.055
0.0 0.051
0.0 0.487
0.0 0.500
0.0 0.035
1.0 0.503
0.0 0.000
0.0 0.180
1.0 0.502
0.0 0.307
0.0 0.012
0.0 0.033
0.0 0.063
0.0 0.030
1.0 0.699
1.0 0.490
0.0 0.000
0.0 0.696
1.0 0.410
0.0 0.024
1.0 0.474
0.0 0.036
0.0 0.796
1.0 0.853
1.0 0.346
0.0 0.136
0.0 0.000
1.0 0.753
0.0 0.104
0.0 0.239
0.0 0.000
0.0 0.172
1.0 0.759
0.0 0.083
0.0 0.153
0.0 0.067
1.0 0.572
0.0 0.007
0.0 0.039
0.0 0.085
0.0 0.000
0.0 0.782
0.0 0.201
0.0 0.515
0.0 0.002
0.0 0.000
0.0 0.000
0.0 0.055
0.0 0.000
1.0 0.628
0.0 0.147
0.0 0.049
0.0 0.212
0.0 0.046
0.0 0.021
1.0 0.719
0.0 0.042
0.0 0.000
1.0 0.670
1.0 0.418
0.0 0.000
0.0 0.004
1.0 0.769
1.0 0.854
0.0 0.120
0.0 0.055
0.0 0.000
0.0 0.000
0.0 0.000
1.0 0.018
0.0 0.028
0.0 0.345
0.0 0.000
0.0 0.000
1.0 0.490
0.0 0.298
0.0 0.000
0.0 0.033
0.0 0.027
1.0 0.767
1.0 0.015
0.0 0.002
0.0 0.000
1.0 0.708
0.0 0.051
0.0 0.000
0.0 0.159
0.0 0.021
1.0 0.653
0.0 0.000
0.0 0.006
0.0 0.000
0.0 0.000
0.0 0.000
0.0 0.038
0.0 0.050
0.0 0.000
0.0 0.377
0.0 0.509
0.0 0.000
0.0 0.000
0.0 0.223
1.0 0.521
0.0 0.000
0.0 0.071
1.0 0.532
0.0 0.058
0.0 0.000
0.0 0.113
0.0 0.034
0.0 0.044
0.0 0.000
0.0 0.035
1.0 0.493
0.0 0.040
0.0 0.066
0.0 0.000
1.0 0.454
0.0 0.000
0.0 0.571
0.0 0.040
0.0 0.415
0.0 0.042
1.0 0.683
1.0 0.697
0.0 0.223
0.0 0.143
1.0 0.822
0.0 0.000
0.0 0.775
0.0 0.051
0.0 0.179
0.0 0.533
1.0 0.525
0.0 0.000
0.0 0.067
0.0 0.375
0.0 0.140
0.0 0.099
1.0 0.492
0.0 0.000
0.0 0.040
1.0 0.590
0.0 0.224
0.0 0.036
0.0 0.117
1.0 0.547
0.0 0.256
1.0 0.521
0.0 0.047
0.0 0.412
0.0 0.048
0.0 0.037
0.0 0.000
1.0 0.449
0.0 0.335
1.0 0.702
0.0 0.054
0.0 0.054
1.0 0.203
0.0 0.206
0.0 0.000
0.0 0.000
0.0 0.000
0.0 0.031
0.0 0.058
0.0 0.022
0.0 0.019
0.0 0.000
0.0 0.238
0.0 0.000
0.0 0.030
0.0 0.270
1.0 0.661
1.0 0.759
0.0 0.033
0.0 0.000
0.0 0.062
0.0 0.059
1.0 0.711
0.0 0.141
0.0 0.481
1.0 0.479
0.0 0.000
0.0 0.473
0.0 0.107
1.0 0.618
0.0 0.000
0.0 0.000
1.0 0.490
0.0 0.000
0.0 0.000
1.0 0.416
1.0 0.115
0.0 0.213
0.0 0.008
0.0 0.175
0.0 0.021
1.0 0.462
0.0 0.052
1.0 0.218
0.0 0.067
0.0 0.015
0.0 0.011
0.0 0.074
0.0 0.032
0.0 0.045
0.0 0.093
0.0 0.092
1.0 0.623
0.0 0.100
0.0 0.000
0.0 0.000
0.0 0.169
1.0 0.611
0.0 0.000
0.0 0.072
0.0 0.019
0.0 0.136
0.0 0.038
1.0 0.410
1.0 0.240
0.0 0.000
1.0 0.482
0.0 0.000
0.0 0.055
0.0 0.019
0.0 0.264
1.0 0.428
0.0 0.635
0.0 0.132
1.0 0.753
1.0 0.395
1.0 0.761
0.0 0.000
0.0 0.157
0.0 0.044
0.0 0.590
0.0 0.460
0.0 0.478
1.0 0.483
0.0 0.155
0.0 0.478
0.0 0.082
0.0 0.000
0.0 0.032
0.0 0.067
0.0 0.053
1.0 0.210
0.0 0.032
0.0 0.333
0.0 0.493
0.0 0.031
0.0 0.000
1.0 0.293
1.0 0.546
0.0 0.000
0.0 0.426
0.0 0.000
0.0 0.014
1.0 0.768
0.0 0.523
0.0 0.000
0.0 0.000
0.0 0.059
0.0 0.029
1.0 0.489
1.0 0.141
0.0 0.541
0.0 0.000
0.0 0.427
1.0 0.154
0.0 0.829
1.0 0.684
0.0 0.004
0.0 0.111
1.0 0.468
1.0 0.785
0.0 0.123
0.0 0.433
0.0 0.002
0.0 0.827
0.0 0.000
0.0 0.000
0.0 0.000
0.0 0.000
0.0 0.434
0.0 0.009
0.0 0.022
0.0 0.004
0.0 0.294
0.0 0.000
0.0 0.000
0.0 0.022
0.0 0.051
0.0 0.012
0.0 0.033
0.0 0.083
0.0 0.049
0.0 0.042
1.0 0.478
0.0 0.323
1.0 0.440
0.0 0.259
0.0 0.000
0.0 0.004
0.0 0.000
1.0 0.457
1.0 0.619
0.0 0.236
0.0 0.000
0.0 0.000
0.0 0.029
0.0 0.773
0.0 0.174
0.0 0.023
0.0 0.054
0.0 0.000
0.0 0.312
0.0 0.000
0.0 0.500
0.0 0.254
0.0 0.045
0.0 0.044
0.0 0.539
0.0 0.066
1.0 0.001
0.0 0.025
1.0 0.578
0.0 0.010
0.0 0.174
0.0 0.086
0.0 0.061
1.0 0.739
0.0 0.005
1.0 0.448
0.0 0.046
0.0 0.215
0.0 0.013
1.0 0.241
0.0 0.054
0.0 0.004
1.0 0.018
0.0 0.460
0.0 0.009
0.0 0.011
0.0 0.171
1.0 0.461
0.0 0.059
0.0 0.044
0.0 0.805
0.0 0.067
1.0 0.494
0.0 0.063
0.0 0.034
0.0 0.536
1.0 0.660
0.0 0.013
0.0 0.000
0.0 0.000
0.0 0.038
0.0 0.006
0.0 0.000
0.0 0.000
0.0 0.008
0.0 0.018
1.0 0.612
0.0 0.000
0.0 0.030
0.0 0.235
0.0 0.028
0.0 0.044
0.0 0.184
0.0 0.070
1.0 0.096
0.0 0.398
1.0 0.789
0.0 0.015
0.0 0.053
1.0 0.565
0.0 0.429
0.0 0.663
1.0 0.695
0.0 0.000
1.0 0.565
1.0 0.528
0.0 0.075
0.0 0.000
1.0 0.440
0.0 0.038
1.0 0.864
0.0 0.047
0.0 0.000
0.0 0.000
0.0 0.009
0.0 0.477
0.0 0.042
1.0 0.217
0.0 0.034
0.0 0.472
0.0 0.063
0.0 0.050
0.0 0.024
1.0 0.489
1.0 0.458
1.0 0.757
0.0 0.000
0.0 0.066
0.0 0.000
0.0 0.049
0.0 0.032
0.0 0.744
0.0 0.000
0.0 0.036
0.0 0.002
0.0 0.047
0.0 0.046
0.0 0.365
0.0 0.115
0.0 0.598
1.0 0.369
0.0 0.071
0.0 0.044
0.0 0.107
0.0 0.028
0.0 0.001
1.0 0.708
0.0 0.034
0.0 0.073
0.0 0.019
0.0 0.280
0.0 0.480
1.0 0.841
0.0 0.000
0.0 0.623
0.0 0.000
0.0 0.048
1.0 0.790
1.0 0.784
0.0 0.068
0.0 0.039
0.0 0.371
0.0 0.019
0.0 0.027
1.0 0.465
0.0 0.001
0.0 0.015
0.0 0.433
0.0 0.029
0.0 0.000
0.0 0.000
1.0 0.531
0.0 0.034
1.0 0.528
0.0 0.027
1.0 0.480
0.0 0.004
0.0 0.204
0.0 0.018
0.0 0.066
0.0 0.000
0.0 0.016
0.0 0.000
0.0 0.033
0.0 0.000
0.0 0.000
1.0 0.699
0.0 0.134
0.0 0.000
1.0 0.428
0.0 0.069
0.0 0.171
0.0 0.000
0.0 0.000
1.0 0.501
1.0 0.562
0.0 0.151
1.0 0.472
0.0 0.554
0.0 0.014
1.0 0.025
0.0 0.550
0.0 0.010
0.0 0.015
0.0 0.000
0.0 0.053
1.0 0.504
0.0 0.017
0.0 0.000
0.0 0.038
0.0 0.025
0.0 0.428
0.0 0.229
0.0 0.043
0.0 0.443
0.0 0.031
0.0 0.004
0.0 0.517
0.0 0.067
0.0 0.028
1.0 0.583
0.0 0.057
0.0 0.259
0.0 0.013
0.0 0.000
0.0 0.026
0.0 0.000
0.0 0.000
1.0 0.811
0.0 0.000
0.0 0.037
0.0 0.081
0.0 0.034
0.0 0.000
0.0 0.086
1.0 0.635
0.0 0.040
0.0 0.268
0.0 0.047
0.0 0.051
0.0 0.138
1.0 0.747
0.0 0.611
0.0 0.311
1.0 0.705
0.0 0.030
0.0 0.020
0.0 0.033
0.0 0.044
0.0 0.042
0.0 0.052
0.0 0.038
1.0 0.516
0.0 0.118
0.0 0.731
0.0 0.008
0.0 0.345
0.0 0.257
0.0 0.169
0.0 0.017
0.0 0.000
1.0 0.662
1.0 0.394
1.0 0.526
0.0 0.033
0.0 0.026
0.0 0.077
0.0 0.022
0.0 0.023
0.0 0.114
0.0 0.022
0.0 0.454
0.0 0.006
1.0 0.565
0.0 0.476
0.0 0.000
0.0 0.093
0.0 0.000
0.0 0.093
1.0 0.104
1.0 0.811
0.0 0.300
0.0 0.028
0.0 0.050
0.0 0.001
0.0 0.062
1.0 0.377
0.0 0.505
0.0 0.448
0.0 0.127
1.0 0.792
0.0 0.063
0.0 0.428
0.0 0.036
0.0 0.003
0.0 0.000
0.0 0.000
0.0 0.014
0.0 0.059
0.0 0.510
0.0 0.028
0.0 0.510
0.0 0.000
0.0 0.027
0.0 0.020
0.0 0.044
0.0 0.000
0.0 0.029
0.0 0.019
0.0 0.082
0.0 0.043
0.0 0.000
0.0 0.025
0.0 0.096
0.0 0.442
0.0 0.056
0.0 0.000
0.0 0.011
0.0 0.169
1.0 0.045
0.0 0.017
1.0 0.663
0.0 0.032
0.0 0.043
0.0 0.051
1.0 0.382
1.0 0.714
0.0 0.081
0.0 0.587
0.0 0.038
0.0 0.051
0.0 0.048
0.0 0.342
1.0 0.552
0.0 0.064
0.0 0.030
1.0 0.668
0.0 0.298
0.0 0.031
1.0 0.507
1.0 0.778
0.0 0.017
0.0 0.026
0.0 0.009
0.0 0.043
0.0 0.000
0.0 0.254
0.0 0.404
1.0 0.339
0.0 0.000
0.0 0.000
0.0 0.049
0.0 0.160
1.0 0.561
0.0 0.008
1.0 0.629
0.0 0.000
0.0 0.138
0.0 0.436
0.0 0.103
0.0 0.002
1.0 0.428
0.0 0.439
0.0 0.107
0.0 0.083
0.0 0.054
0.0 0.079
0.0 0.000
0.0 0.015
0.0 0.739
0.0 0.000
1.0 0.631
0.0 0.053
0.0 0.560
0.0 0.040
1.0 0.614
0.0 0.022
0.0 0.000
0.0 0.034
0.0 0.000
1.0 0.453
0.0 0.033
0.0 0.000
0.0 0.031
0.0 0.014
0.0 0.000
0.0 0.000
0.0 0.051
1.0 0.489
0.0 0.020
1.0 0.613
0.0 0.450
0.0 0.000
0.0 0.063
0.0 0.000
0.0 0.319
1.0 0.442
1.0 0.538
0.0 0.000
0.0 0.373
0.0 0.000
0.0 0.016
0.0 0.014
1.0 0.410
0.0 0.000
0.0 0.343
0.0 0.035
0.0 0.000
0.0 0.008
0.0 0.522
0.0 0.033
0.0 0.012
0.0 0.004
0.0 0.000
0.0 0.077
1.0 0.000
0.0 0.000
1.0 0.672
0.0 0.131
1.0 0.638
1.0 0.710
1.0 0.527
0.0 0.356
0.0 0.513
0.0 0.077
0.0 0.028
0.0 0.060
1.0 0.476
0.0 0.000
0.0 0.026
0.0 0.054
0.0 0.000
1.0 0.641
1.0 0.487
1.0 0.755
0.0 0.000
1.0 0.714
0.0 0.031
0.0 0.030
0.0 0.058
0.0 0.000
0.0 0.362
0.0 0.000
0.0 0.013
0.0 0.000
0.0 0.037
0.0 0.045
0.0 0.294
0.0 0.415
0.0 0.000
0.0 0.328
0.0 0.016
0.0 0.031
0.0 0.036
0.0 0.019
0.0 0.008
0.0 0.006
1.0 0.485
0.0 0.479
0.0 0.016
1.0 0.150
0.0 0.000
0.0 0.000
0.0 0.000
1.0 0.413
0.0 0.035
0.0 0.151
0.0 0.000
1.0 0.473
0.0 0.035
0.0 0.051
0.0 0.143
0.0 0.035
0.0 0.209
1.0 0.480
1.0 0.403
1.0 0.786
0.0 0.000
0.0 0.032
0.0 0.047
0.0 0.107
0.0 0.043
1.0 0.624
1.0 0.654
0.0 0.000
0.0 0.032
0.0 0.096
0.0 0.444
0.0 0.431
1.0 0.616
0.0 0.017
0.0 0.072
0.0 0.000
1.0 0.301
1.0 0.763
0.0 0.290
0.0 0.211
0.0 0.000
0.0 0.190
0.0 0.123
0.0 0.051
0.0 0.010
1.0 0.436
0.0 0.000
0.0 0.033
0.0 0.025
0.0 0.010
0.0 0.000
1.0 0.732
0.0 0.003
0.0 0.051
0.0 0.000
0.0 0.010
1.0 0.673
1.0 0.648
0.0 0.058
0.0 0.029
1.0 0.826
0.0 0.029
0.0 0.038
0.0 0.000
0.0 0.000
1.0 0.503
1.0 0.445
0.0 0.000
0.0 0.018
0.0 0.330
1.0 0.633
0.0 0.051
0.0 0.029
0.0 0.000
0.0 0.101
0.0 0.063
0.0 0.313
0.0 0.041
0.0 0.000
1.0 0.723
0.0 0.025
0.0 0.000
1.0 0.736
0.0 0.000
1.0 0.841
0.0 0.040
0.0 0.000
1.0 0.776
1.0 0.716
1.0 0.686
0.0 0.000
0.0 0.055
0.0 0.000
1.0 0.000
0.0 0.000
0.0 0.117
0.0 0.301
0.0 0.498
1.0 0.674
0.0 0.009
1.0 0.691
0.0 0.000
0.0 0.068
0.0 0.336
0.0 0.031
1.0 0.579
1.0 0.645
0.0 0.219
1.0 0.549
0.0 0.000
0.0 0.000
0.0 0.372
1.0 0.726
0.0 0.012
1.0 0.502
0.0 0.437
0.0 0.000
1.0 0.568
1.0 0.691
0.0 0.025
1.0 0.369
1.0 0.658
0.0 0.010
0.0 0.019
0.0 0.021
1.0 0.064
0.0 0.506
1.0 0.544
0.0 0.041
0.0 0.039
0.0 0.000
0.0 0.041
0.0 0.026
0.0 0.008
0.0 0.188
0.0 0.000
0.0 0.174
0.0 0.388
0.0 0.000
1.0 0.535
0.0 0.016
1.0 0.221
0.0 0.000
0.0 0.095
0.0 0.054
0.0 0.021
0.0 0.006
1.0 0.455
0.0 0.159
0.0 0.152
0.0 0.585
0.0 0.011
0.0 0.000
0.0 0.000
0.0 0.000
0.0 0.015
0.0 0.004
0.0 0.000
0.0 0.050
0.0 0.712
0.0 0.577
0.0 0.064
0.0 0.032
0.0 0.000
0.0 0.038
0.0 0.297
0.0 0.621
0.0 0.000
0.0 0.000
0.0 0.311
1.0 0.793
0.0 0.000
0.0 0.218
0.0 0.000
1.0 0.529
0.0 0.000
0.0 0.041
1.0 0.346
0.0 0.181
0.0 0.036
0.0 0.111
0.0 0.477
0.0 0.000
1.0 0.387
0.0 0.025
0.0 0.026
0.0 0.075
0.0 0.004
0.0 0.053
0.0 0.000
1.0 0.518
0.0 0.569
0.0 0.130
0.0 0.067
0.0 0.019
0.0 0.101
0.0 0.000
0.0 0.035
0.0 0.554
0.0 0.115
0.0 0.240
0.0 0.151
0.0 0.699
0.0 0.000
0.0 0.268
0.0 0.000
0.0 0.656
0.0 0.037
0.0 0.000
0.0 0.000
0.0 0.654
0.0 0.077
0.0 0.027
0.0 0.024
1.0 0.691
0.0 0.008
0.0 0.045
0.0 0.352
0.0 0.000
0.0 0.027
0.0 0.000
1.0 0.212
0.0 0.019
0.0 0.138
0.0 0.350
0.0 0.821
0.0 0.004
0.0 0.000
0.0 0.060
0.0 0.000
0.0 0.124
0.0 0.000
0.0 0.461
1.0 0.645
0.0 0.038
0.0 0.026
0.0 0.558
1.0 0.225
0.0 0.118
1.0 0.719
0.0 0.000
0.0 0.005
0.0 0.000
0.0 0.095
0.0 0.000
0.0 0.033
1.0 0.413
1.0 0.455
1.0 0.444
0.0 0.014
0.0 0.015
1.0 0.483
1.0 0.493
0.0 0.123
0.0 0.026
0.0 0.103
0.0 0.000
0.0 0.616
0.0 0.000
0.0 0.452
0.0 0.066
0.0 0.098
0.0 0.011
0.0 0.026
1.0 0.465
1.0 0.385
0.0 0.038
0.0 0.000
0.0 0.575
0.0 0.039
0.0 0.000
0.0 0.097
0.0 0.207
0.0 0.031
0.0 0.057
1.0 0.760
0.0 0.430
1.0 0.427
0.0 0.000
0.0 0.010
0.0 0.000
0.0 0.027
1.0 0.591
1.0 0.570
0.0 0.005
0.0 0.088
0.0 0.374
0.0 0.719
0.0 0.000
0.0 0.035
1.0 0.472
0.0 0.035
0.0 0.069
0.0 0.443
0.0 0.028
0.0 0.000
0.0 0.174
0.0 0.001
1.0 0.394
1.0 0.549
0.0 0.031
1.0 0.470
1.0 0.478
0.0 0.043
1.0 0.514
0.0 0.410
1.0 0.470
0.0 0.000
0.0 0.000
0.0 0.716
0.0 0.000
0.0 0.000
0.0 0.042
0.0 0.000
1.0 0.552
0.0 0.294
0.0 0.057
0.0 0.122
0.0 0.000
1.0 0.421
0.0 0.000
0.0 0.283
0.0 0.415
0.0 0.831
0.0 0.021
0.0 0.052
0.0 0.171
0.0 0.051
0.0 0.035
0.0 0.029
1.0 0.735
0.0 0.000
0.0 0.088
1.0 0.279
0.0 0.045
1.0 0.773
0.0 0.042
0.0 0.757
1.0 0.409
1.0 0.443
0.0 0.066
1.0 0.471
1.0 0.805
0.0 0.468
0.0 0.009
0.0 0.013
0.0 0.053
0.0 0.027
0.0 0.000
0.0 0.008
0.0 0.000
0.0 0.053
0.0 0.369
1.0 0.462
0.0 0.000
0.0 0.017
0.0 0.159
0.0 0.000
0.0 0.157
0.0 0.046
1.0 0.498
0.0 0.000
1.0 0.729
1.0 0.686
1.0 0.647
0.0 0.013
0.0 0.047
0.0 0.105
0.0 0.588
1.0 0.468
1.0 0.588
0.0 0.484
0.0 0.000
0.0 0.148
0.0 0.000
0.0 0.323
0.0 0.113
0.0 0.038
0.0 0.727
1.0 0.486
0.0 0.220
0.0 0.520
0.0 0.297
0.0 0.020
0.0 0.036
1.0 0.690
0.0 0.020
0.0 0.000
0.0 0.109
0.0 0.461
0.0 0.000
0.0 0.000
1.0 0.298
0.0 0.054
0.0 0.023
0.0 0.000
1.0 0.792
0.0 0.049
0.0 0.019
0.0 0.259
0.0 0.002
0.0 0.029
0.0 0.561
0.0 0.019
0.0 0.069
0.0 0.021
0.0 0.457
0.0 0.850
0.0 0.035
0.0 0.000
0.0 0.066
0.0 0.039
0.0 0.007
1.0 0.530
0.0 0.032
0.0 0.017
0.0 0.000
1.0 0.410
0.0 0.008
0.0 0.062
0.0 0.015
1.0 0.019
0.0 0.449
0.0 0.000
0.0 0.016
1.0 0.519
0.0 0.172
0.0 0.000
0.0 0.000
0.0 0.000
0.0 0.067
0.0 0.123
0.0 0.019
0.0 0.079
1.0 0.801
0.0 0.191
0.0 0.000
0.0 0.058
0.0 0.412
0.0 0.455
1.0 0.628
0.0 0.000
0.0 0.026
0.0 0.000
0.0 0.048
0.0 0.035
1.0 0.699
0.0 0.007
0.0 0.004
0.0 0.003
1.0 0.531
1.0 0.468
1.0 0.432
0.0 0.045
0.0 0.037
0.0 0.168
0.0 0.055
0.0 0.153
0.0 0.044
0.0 0.024
0.0 0.000
0.0 0.000
0.0 0.017
0.0 0.426
0.0 0.000
0.0 0.048
0.0 0.414
0.0 0.196
0.0 0.485
0.0 0.068
0.0 0.055
0.0 0.204
0.0 0.128
0.0 0.444
0.0 0.303
1.0 0.505
0.0 0.226
0.0 0.046
0.0 0.037
0.0 0.000
0.0 0.482
0.0 0.030
0.0 0.160
0.0 0.000
0.0 0.107
1.0 0.520
0.0 0.027
0.0 0.103
1.0 0.365
0.0 0.479
0.0 0.000
0.0 0.014
1.0 0.565
0.0 0.027
0.0 0.000
0.0 0.577
0.0 0.000
1.0 0.399
1.0 0.549
0.0 0.066
1.0 0.520
1.0 0.326
0.0 0.028
1.0 0.794
0.0 0.051
0.0 0.057
0.0 0.009
1.0 0.511
0.0 0.036
0.0 0.049
0.0 0.000
0.0 0.136
0.0 0.176
0.0 0.415
0.0 0.378
0.0 0.002
1.0 0.416
0.0 0.376
0.0 0.051
1.0 0.657
1.0 0.779
1.0 0.698
0.0 0.007
1.0 0.712
1.0 0.660
0.0 0.000
0.0 0.019
0.0 0.129
0.0 0.040
0.0 0.114
0.0 0.035
0.0 0.000
0.0 0.130
0.0 0.000
0.0 0.064
0.0 0.530
0.0 0.108
0.0 0.038
0.0 0.000
0.0 0.168
0.0 0.004
0.0 0.315
0.0 0.065
1.0 0.419
1.0 0.456
0.0 0.040
1.0 0.418
0.0 0.184
1.0 0.420
1.0 0.454
0.0 0.028
1.0 0.798
0.0 0.008
0.0 0.014
0.0 0.000
0.0 0.000
0.0 0.393
0.0 0.207
0.0 0.000
0.0 0.369
0.0 0.039
0.0 0.000
1.0 0.497
1.0 0.584
0.0 0.000
0.0 0.000
0.0 0.001
0.0 0.000
1.0 0.419
0.0 0.002
0.0 0.036
0.0 0.059
0.0 0.570
0.0 0.008
1.0 0.510
0.0 0.172
0.0 0.027
0.0 0.052
0.0 0.050
0.0 0.079
0.0 0.080
0.0 0.447
0.0 0.125
1.0 0.455
0.0 0.261
1.0 0.656
0.0 0.418
0.0 0.048
0.0 0.066
0.0 0.038
0.0 0.238
0.0 0.055
1.0 0.725
1.0 0.404
0.0 0.081
0.0 0.045
0.0 0.055
0.0 0.000
0.0 0.053
0.0 0.005
0.0 0.176
0.0 0.000
1.0 0.674
0.0 0.004
0.0 0.040
0.0 0.000
0.0 0.016
0.0 0.152
0.0 0.067
0.0 0.475
0.0 0.000
1.0 0.475
0.0 0.027
0.0 0.000
0.0 0.168
0.0 0.000
1.0 0.214
1.0 0.431
1.0 0.695
0.0 0.006
0.0 0.000
0.0 0.000
0.0 0.001
1.0 0.400
0.0 0.086
1.0 0.654
0.0 0.000
0.0 0.057
0.0 0.071
0.0 0.161
0.0 0.008
1.0 0.757
0.0 0.148
0.0 0.195
0.0 0.166
0.0 0.035
1.0 0.683
0.0 0.000
0.0 0.100
0.0 0.000
0.0 0.000
0.0 0.038
0.0 0.001
1.0 0.735
0.0 0.000
0.0 0.000
0.0 0.129
0.0 0.028
0.0 0.000
0.0 0.022
1.0 0.164
0.0 0.062
1.0 0.680
0.0 0.028
0.0 0.074
0.0 0.020
0.0 0.429
0.0 0.000
0.0 0.223
0.0 0.096
0.0 0.441
0.0 0.034
0.0 0.000
1.0 0.447
0.0 0.028
0.0 0.008
0.0 0.009
1.0 0.618
0.0 0.053
0.0 0.464
0.0 0.022
0.0 0.001
0.0 0.000
0.0 0.087
0.0 0.053
0.0 0.000
0.0 0.000
0.0 0.352
0.0 0.000
0.0 0.017
0.0 0.048
0.0 0.037
0.0 0.000
0.0 0.714
0.0 0.053
0.0 0.030
0.0 0.000
0.0 0.000
0.0 0.085
0.0 0.574
0.0 0.467
0.0 0.001
0.0 0.018
0.0 0.028
0.0 0.258
1.0 0.415
0.0 0.000
0.0 0.080
0.0 0.000
0.0 0.054
0.0 0.037
0.0 0.145
0.0 0.000
1.0 0.732
0.0 0.030
1.0 0.770
0.0 0.058
0.0 0.002
0.0 0.484
1.0 0.629
0.0 0.000
0.0 0.000
0.0 0.065
0.0 0.194
1.0 0.000
0.0 0.000
0.0 0.023
0.0 0.003
0.0 0.000
0.0 0.045
0.0 0.000
0.0 0.595
0.0 0.214
0.0 0.000
0.0 0.024
0.0 0.156
0.0 0.007
0.0 0.014
0.0 0.213
0.0 0.433
0.0 0.021
1.0 0.568
0.0 0.044
0.0 0.020
0.0 0.019
0.0 0.516
0.0 0.041
0.0 0.475
0.0 0.060
1.0 0.805
1.0 0.621
0.0 0.000
0.0 0.031
1.0 0.459
0.0 0.041
1.0 0.508
0.0 0.733
0.0 0.480
0.0 0.000
0.0 0.000
0.0 0.054
0.0 0.302
1.0 0.233
0.0 0.033
0.0 0.043
1.0 0.458
0.0 0.255
0.0 0.034
0.0 0.035
0.0 0.022
1.0 0.449
0.0 0.117
0.0 0.208
0.0 0.045
0.0 0.106
0.0 0.000
0.0 0.183
0.0 0.633
0.0 0.071
0.0 0.384
0.0 0.000
0.0 0.156
0.0 0.041
0.0 0.316
0.0 0.000
0.0 0.016
0.0 0.029
0.0 0.013
0.0 0.000
0.0 0.000
0.0 0.003
0.0 0.019
1.0 0.289
0.0 0.039
0.0 0.029
0.0 0.570
0.0 0.099
0.0 0.164
1.0 0.440
0.0 0.048
0.0 0.000
1.0 0.735
0.0 0.000
0.0 0.049
1.0 0.368
0.0 0.002
0.0 0.058
0.0 0.000
0.0 0.198
0.0 0.059
0.0 0.406
0.0 0.647
1.0 0.695
1.0 0.649
1.0 0.410
1.0 0.806
1.0 0.533
0.0 0.000
0.0 0.092
0.0 0.476
0.0 0.000
0.0 0.000
0.0 0.337
0.0 0.126
0.0 0.062
0.0 0.319
1.0 0.826
0.0 0.111
1.0 0.589
1.0 0.549
1.0 0.705
0.0 0.088
0.0 0.026
0.0 0.000
0.0 0.041
0.0 0.220
0.0 0.018
0.0 0.693
0.0 0.024
0.0 0.038
0.0 0.002
0.0 0.000
0.0 0.000
0.0 0.023
0.0 0.019
0.0 0.466
0.0 0.080
0.0 0.028
1.0 0.544
1.0 0.810
0.0 0.000
0.0 0.362
0.0 0.224
0.0 0.272
0.0 0.515
0.0 0.000
0.0 0.227
0.0 0.176
0.0 0.000
0.0 0.031
1.0 0.644
1.0 0.095
0.0 0.028
0.0 0.224
1.0 0.763
1.0 0.505
0.0 0.000
0.0 0.377
0.0 0.058
1.0 0.565
0.0 0.363
0.0 0.002
1.0 0.787
0.0 0.026
0.0 0.048
0.0 0.050
0.0 0.012
1.0 0.063
1.0 0.361
0.0 0.027
1.0 0.737
0.0 0.418
1.0 0.626
0.0 0.105
0.0 0.000
0.0 0.064
1.0 0.771
1.0 0.514
0.0 0.136
0.0 0.042
0.0 0.051
0.0 0.018
0.0 0.000
0.0 0.007
0.0 0.013
0.0 0.000
0.0 0.000
0.0 0.051
0.0 0.370
0.0 0.095
1.0 0.323
0.0 0.037
0.0 0.000
0.0 0.283
0.0 0.068
0.0 0.541
0.0 0.074
0.0 0.068
0.0 0.029
1.0 0.479
0.0 0.052
1.0 0.556
0.0 0.178
1.0 0.429
0.0 0.016
1.0 0.735
0.0 0.000
0.0 0.006
1.0 0.575
0.0 0.013
0.0 0.013
0.0 0.389
1.0 0.791
0.0 0.238
0.0 0.283
0.0 0.164
1.0 0.585
0.0 0.000
0.0 0.097
1.0 0.630
1.0 0.510
0.0 0.085
0.0 0.231
0.0 0.111
0.0 0.068
0.0 0.000
0.0 0.064
0.0 0.000
0.0 0.031
0.0 0.030
1.0 0.608
0.0 0.128
0.0 0.084
0.0 0.138
0.0 0.027
0.0 0.000
0.0 0.003
0.0 0.520
0.0 0.075
0.0 0.063
0.0 0.004
0.0 0.000
0.0 0.030
1.0 0.000
0.0 0.033
0.0 0.041
0.0 0.000
0.0 0.079
0.0 0.326
0.0 0.043
0.0 0.496
0.0 0.020
0.0 0.044
0.0 0.055
0.0 0.213
0.0 0.013
0.0 0.000
0.0 0.020
0.0 0.025
0.0 0.063
0.0 0.000
1.0 0.586
0.0 0.008
0.0 0.003
0.0 0.053
0.0 0.000
0.0 0.024
0.0 0.048
1.0 0.829
0.0 0.000
0.0 0.000
0.0 0.021
1.0 0.845
0.0 0.466
0.0 0.000
0.0 0.004
0.0 0.083
0.0 0.021
0.0 0.053
0.0 0.000
0.0 0.049
0.0 0.026
0.0 0.000
0.0 0.744
0.0 0.049
0.0 0.095
0.0 0.000
0.0 0.083
1.0 0.815
0.0 0.255
0.0 0.041
0.0 0.014
0.0 0.466
0.0 0.194
0.0 0.206
1.0 0.822
0.0 0.528
0.0 0.000
0.0 0.066
0.0 0.463
0.0 0.000
0.0 0.000
1.0 0.711
0.0 0.000
0.0 0.141
0.0 0.580
0.0 0.000
1.0 0.471
0.0 0.037
1.0 0.649
0.0 0.130
0.0 0.263
0.0 0.568
0.0 0.122
0.0 0.649
0.0 0.000
0.0 0.000
0.0 0.049
0.0 0.000
1.0 0.230
0.0 0.034
0.0 0.052
0.0 0.009
0.0 0.145
1.0 0.302
0.0 0.038
0.0 0.053
0.0 0.000
0.0 0.153
0.0 0.127
0.0 0.039
0.0 0.019
1.0 0.668
0.0 0.000
0.0 0.031
0.0 0.021
0.0 0.046
0.0 0.135
1.0 0.645
1.0 0.428
0.0 0.100
1.0 0.446
0.0 0.094
0.0 0.000
0.0 0.062
0.0 0.000
0.0 0.000
0.0 0.000
0.0 0.031
0.0 0.027
0.0 0.102
1.0 0.721
0.0 0.107
0.0 0.035
0.0 0.000
0.0 0.019
0.0 0.000
1.0 0.547
1.0 0.232
0.0 0.000
1.0 0.521
0.0 0.132
1.0 0.500
0.0 0.013
0.0 0.061
0.0 0.007
0.0 0.078
0.0 0.858
0.0 0.043
1.0 0.778
0.0 0.088
1.0 0.674
1.0 0.757
0.0 0.033
0.0 0.070
1.0 0.633
1.0 0.737
0.0 0.000
0.0 0.089
0.0 0.023
0.0 0.325
1.0 0.557
0.0 0.000
0.0 0.000
0.0 0.168
0.0 0.023
0.0 0.054
1.0 0.836
0.0 0.056
1.0 0.636
1.0 0.715
1.0 0.519
0.0 0.205
1.0 0.444
0.0 0.000
0.0 0.068
0.0 0.018
0.0 0.000
0.0 0.000
0.0 0.207
0.0 0.060
0.0 0.023
0.0 0.037
0.0 0.000
0.0 0.140
1.0 0.631
0.0 0.468
0.0 0.055
0.0 0.065
0.0 0.454
0.0 0.000
0.0 0.000
0.0 0.035
0.0 0.046
0.0 0.021
0.0 0.247
0.0 0.542
1.0 0.424
0.0 0.008
1.0 0.455
0.0 0.000
0.0 0.020
0.0 0.029
0.0 0.054
0.0 0.048
1.0 0.796
1.0 0.450
0.0 0.022
0.0 0.000
0.0 0.181
0.0 0.056
0.0 0.122
0.0 0.000
0.0 0.000
0.0 0.011
0.0 0.378
0.0 0.026
0.0 0.000
0.0 0.035
1.0 0.502
0.0 0.467
0.0 0.075
0.0 0.000
0.0 0.000
0.0 0.000
0.0 0.000
0.0 0.000
0.0 0.035
0.0 0.779
1.0 0.530
0.0 0.013
1.0 0.652
1.0 0.825
1.0 0.810
0.0 0.027
0.0 0.637
0.0 0.000
0.0 0.145
0.0 0.072
0.0 0.000
0.0 0.012
0.0 0.006
0.0 0.046
1.0 0.491
0.0 0.044
0.0 0.040
0.0 0.025
0.0 0.013
0.0 0.032
1.0 0.041
0.0 0.047
0.0 0.026
0.0 0.031
1.0 0.500
0.0 0.043
0.0 0.030
0.0 0.000
0.0 0.032
0.0 0.230
0.0 0.455
0.0 0.424
0.0 0.214
0.0 0.000
0.0 0.035
0.0 0.139
0.0 0.042
0.0 0.505
0.0 0.070
0.0 0.000
0.0 0.000
0.0 0.039
0.0 0.057
0.0 0.062
1.0 0.421
0.0 0.042
1.0 0.660
0.0 0.000
0.0 0.109
1.0 0.435
0.0 0.429
0.0 0.030
1.0 0.743
0.0 0.000
0.0 0.002
0.0 0.052
0.0 0.177
0.0 0.002
0.0 0.052
0.0 0.043
0.0 0.071
1.0 0.320
0.0 0.074
1.0 0.791
0.0 0.051
0.0 0.000
0.0 0.285
0.0 0.202
0.0 0.147
0.0 0.617
0.0 0.034
0.0 0.050
0.0 0.066
0.0 0.013
0.0 0.051
1.0 0.493
0.0 0.000
0.0 0.000
1.0 0.827
1.0 0.477
0.0 0.008
0.0 0.070
0.0 0.052
0.0 0.081
0.0 0.014
0.0 0.075
0.0 0.000
1.0 0.338
1.0 0.713
0.0 0.000
0.0 0.005
0.0 0.140
0.0 0.000
0.0 0.000
0.0 0.225
0.0 0.026
0.0 0.192
1.0 0.529
0.0 0.115
1.0 0.493
0.0 0.173
0.0 0.019
0.0 0.005
0.0 0.000
1.0 0.453
1.0 0.464
0.0 0.062
0.0 0.538
1.0 0.527
0.0 0.031
1.0 0.600
1.0 0.428
0.0 0.060
0.0 0.029
0.0 0.055
0.0 0.089
0.0 0.065
0.0 0.011
0.0 0.000
0.0 0.150
1.0 0.742
0.0 0.038
0.0 0.067
0.0 0.049
0.0 0.048
0.0 0.477
0.0 0.000
0.0 0.000
0.0 0.012
0.0 0.061
0.0 0.037
0.0 0.000
0.0 0.000
0.0 0.013
0.0 0.024
0.0 0.610
1.0 0.080
0.0 0.000
1.0 0.701
1.0 0.485
0.0 0.006
0.0 0.037
0.0 0.000
0.0 0.004
1.0 0.783
0.0 0.343
0.0 0.422
0.0 0.013
0.0 0.089
1.0 0.462
0.0 0.090
0.0 0.001
1.0 0.263
1.0 0.784
0.0 0.002
0.0 0.000
0.0 0.243
0.0 0.117
0.0 0.464
1.0 0.776
0.0 0.000
0.0 0.444
0.0 0.052
1.0 0.479
0.0 0.006
0.0 0.004
0.0 0.439
1.0 0.081
0.0 0.043
0.0 0.854
0.0 0.033
0.0 0.024
0.0 0.000
0.0 0.022
0.0 0.351
0.0 0.020
0.0 0.034
0.0 0.000
0.0 0.000
1.0 0.843
0.0 0.047
0.0 0.085
0.0 0.138
0.0 0.099
0.0 0.020
0.0 0.016
0.0 0.675
0.0 0.017
0.0 0.766
1.0 0.466
1.0 0.615
0.0 0.007
0.0 0.006
0.0 0.044
0.0 0.032
0.0 0.002
0.0 0.043
1.0 0.479
0.0 0.015
0.0 0.129
0.0 0.434
0.0 0.000
0.0 0.083
0.0 0.056
0.0 0.022
1.0 0.276
0.0 0.265
0.0 0.407
0.0 0.012
0.0 0.000
0.0 0.369
0.0 0.447
1.0 0.378
0.0 0.019
0.0 0.052
0.0 0.104
1.0 0.439
0.0 0.000
0.0 0.047
0.0 0.039
0.0 0.000
0.0 0.050
0.0 0.021
0.0 0.038
0.0 0.153
0.0 0.130
0.0 0.286
0.0 0.000
1.0 0.285
0.0 0.018
0.0 0.126
0.0 0.043
0.0 0.123
0.0 0.250
0.0 0.020
0.0 0.049
1.0 0.684
1.0 0.121
0.0 0.145
0.0 0.176
0.0 0.064
0.0 0.410
0.0 0.165
0.0 0.476
0.0 0.038
0.0 0.194
0.0 0.504
0.0 0.025
0.0 0.000
0.0 0.000
0.0 0.000
0.0 0.014
0.0 0.052
1.0 0.304
1.0 0.521
1.0 0.346
0.0 0.002
0.0 0.000
1.0 0.536
1.0 0.707
0.0 0.062
0.0 0.040
0.0 0.065
0.0 0.045
0.0 0.260
0.0 0.043
0.0 0.000
0.0 0.419
0.0 0.000
1.0 0.400
1.0 0.695
0.0 0.050
0.0 0.000
0.0 0.643
0.0 0.468
0.0 0.000
0.0 0.000
0.0 0.260
0.0 0.201
1.0 0.498
1.0 0.573
0.0 0.000
0.0 0.084
0.0 0.001
0.0 0.031
0.0 0.034
0.0 0.166
0.0 0.020
1.0 0.771
1.0 0.720
0.0 0.000
0.0 0.116
0.0 0.041
0.0 0.000
0.0 0.000
0.0 0.708
0.0 0.041
0.0 0.039
0.0 0.051
0.0 0.038
0.0 0.046
0.0 0.000
1.0 0.592
0.0 0.007
0.0 0.017
1.0 0.696
0.0 0.014
0.0 0.431
0.0 0.031
0.0 0.069
1.0 0.717
0.0 0.138
0.0 0.000
0.0 0.073
0.0 0.479
0.0 0.020
0.0 0.017
0.0 0.539
0.0 0.000
0.0 0.002
0.0 0.000
0.0 0.160
0.0 0.572
0.0 0.004
1.0 0.482
0.0 0.004
0.0 0.053
0.0 0.477
1.0 0.437
1.0 0.488
0.0 0.042
0.0 0.052
0.0 0.000
0.0 0.114
1.0 0.737
0.0 0.368
0.0 0.000
0.0 0.000
0.0 0.040
0.0 0.327
0.0 0.079
0.0 0.000
0.0 0.077
0.0 0.039
0.0 0.553
0.0 0.051
0.0 0.028
0.0 0.001
0.0 0.016
0.0 0.000
0.0 0.000
0.0 0.000
0.0 0.000
0.0 0.012
1.0 0.591
1.0 0.724
0.0 0.038
0.0 0.118
0.0 0.127
0.0 0.000
0.0 0.074
1.0 0.500
0.0 0.000
0.0 0.036
0.0 0.023
1.0 0.719
0.0 0.155
1.0 0.074
0.0 0.157
1.0 0.128
0.0 0.065
1.0 0.607
0.0 0.055
1.0 0.418
0.0 0.175
0.0 0.050
0.0 0.026
0.0 0.029
1.0 0.151
0.0 0.043
0.0 0.011
0.0 0.054
1.0 0.726
0.0 0.032
0.0 0.000
1.0 0.761
0.0 0.366
0.0 0.040
0.0 0.257
0.0 0.323
0.0 0.000
0.0 0.004
0.0 0.686
0.0 0.048
0.0 0.000
0.0 0.000
0.0 0.000
0.0 0.001
0.0 0.006
1.0 0.419
1.0 0.454
1.0 0.308
0.0 0.415
0.0 0.145
0.0 0.024
0.0 0.000
1.0 0.510
0.0 0.000
0.0 0.035
1.0 0.457
0.0 0.083
1.0 0.455
0.0 0.154
1.0 0.458
0.0 0.007
0.0 0.002
0.0 0.021
0.0 0.317
0.0 0.509
0.0 0.452
0.0 0.400
0.0 0.307
0.0 0.000
1.0 0.846
0.0 0.703
0.0 0.000
1.0 0.347
0.0 0.000
1.0 0.779
0.0 0.040
0.0 0.000
0.0 0.016
0.0 0.038
0.0 0.038
0.0 0.000
0.0 0.310
0.0 0.281
0.0 0.033
1.0 0.779
0.0 0.529
0.0 0.347
0.0 0.044
1.0 0.421
0.0 0.541
0.0 0.482
0.0 0.811
0.0 0.000
0.0 0.037
0.0 0.033
0.0 0.000
0.0 0.022
0.0 0.000
0.0 0.605
0.0 0.036
0.0 0.052
1.0 0.840
0.0 0.065
0.0 0.000
0.0 0.000
1.0 0.090
0.0 0.000
0.0 0.024
0.0 0.000
0.0 0.000
0.0 0.000
0.0 0.088
0.0 0.035
0.0 0.079
0.0 0.004
0.0 0.000
0.0 0.000
0.0 0.112
0.0 0.000
1.0 0.730
0.0 0.027
0.0 0.000
1.0 0.464
0.0 0.032
0.0 0.000
0.0 0.000
0.0 0.016
0.0 0.000
0.0 0.000
0.0 0.029
0.0 0.000
0.0 0.437
1.0 0.633
0.0 0.030
0.0 0.529
0.0 0.014
0.0 0.114
0.0 0.100
0.0 0.144
0.0 0.000
0.0 0.039
0.0 0.022
0.0 0.456
0.0 0.000
0.0 0.194
0.0 0.050
0.0 0.099
0.0 0.092
1.0 0.784
0.0 0.125
0.0 0.059
0.0 0.522
1.0 0.339
0.0 0.029
0.0 0.000
0.0 0.329
0.0 0.049
0.0 0.074
0.0 0.631
0.0 0.568
0.0 0.000
0.0 0.267
0.0 0.011
0.0 0.289
0.0 0.031
0.0 0.098
0.0 0.309
0.0 0.000
0.0 0.177
1.0 0.496
1.0 0.160
0.0 0.000
0.0 0.000
0.0 0.026
0.0 0.000
1.0 0.764
0.0 0.000
0.0 0.005
0.0 0.025
0.0 0.022
0.0 0.035
1.0 0.232
0.0 0.000
0.0 0.000
1.0 0.462
0.0 0.270
0.0 0.052
0.0 0.000
0.0 0.418
0.0 0.021
0.0 0.375
0.0 0.115
0.0 0.055
0.0 0.031
1.0 0.691
0.0 0.566
0.0 0.022
0.0 0.035
0.0 0.000
0.0 0.028
0.0 0.738
1.0 0.440
1.0 0.769
0.0 0.120
0.0 0.000
1.0 0.709
0.0 0.015
1.0 0.762
0.0 0.040
1.0 0.038
1.0 0.430
0.0 0.000
0.0 0.076
0.0 0.812
1.0 0.713
0.0 0.490
0.0 0.000
0.0 0.149
1.0 0.468
0.0 0.455
0.0 0.344
0.0 0.051
0.0 0.043
0.0 0.036
0.0 0.072
0.0 0.017
0.0 0.057
0.0 0.066
0.0 0.013
0.0 0.012
1.0 0.489
0.0 0.104
0.0 0.000
0.0 0.088
0.0 0.030
1.0 0.374
1.0 0.099
1.0 0.564
0.0 0.502
0.0 0.010
0.0 0.622
0.0 0.405
0.0 0.010
0.0 0.011
1.0 0.454
1.0 0.447
1.0 0.722
1.0 0.894
0.0 0.162
0.0 0.000
0.0 0.124
0.0 0.000
0.0 0.000
1.0 0.375
1.0 0.216
0.0 0.019
0.0 0.135
0.0 0.029
0.0 0.134
1.0 0.494
1.0 0.447
0.0 0.054
0.0 0.146
0.0 0.088
1.0 0.471
0.0 0.052
0.0 0.074
1.0 0.738
1.0 0.799
0.0 0.000
0.0 0.078
0.0 0.169
0.0 0.062
1.0 0.502
1.0 0.375
1.0 0.414
0.0 0.000
0.0 0.000
0.0 0.042
0.0 0.055
0.0 0.000
0.0 0.301
0.0 0.108
0.0 0.030
0.0 0.139
1.0 0.714
1.0 0.731
1.0 0.422
0.0 0.032
0.0 0.527
0.0 0.000
0.0 0.260
0.0 0.005
0.0 0.000
1.0 0.483
0.0 0.000
1.0 0.273
0.0 0.000
0.0 0.000
0.0 0.424
0.0 0.044
1.0 0.655
1.0 0.812
1.0 0.833
0.0 0.051
0.0 0.221
0.0 0.000
0.0 0.114
0.0 0.002
1.0 0.479
0.0 0.292
0.0 0.000
0.0 0.514
0.0 0.007
0.0 0.057
0.0 0.582
1.0 0.263
1.0 0.464
0.0 0.000
1.0 0.571
0.0 0.396
0.0 0.061
0.0 0.070
0.0 0.252
0.0 0.012
0.0 0.034
0.0 0.169
0.0 0.021
0.0 0.018
0.0 0.417
0.0 0.068
0.0 0.003
0.0 0.014
0.0 0.000
0.0 0.000
0.0 0.438
0.0 0.086
0.0 0.047
0.0 0.291
0.0 0.000
0.0 0.000
0.0 0.028
1.0 0.434
1.0 0.819
0.0 0.043
0.0 0.251
0.0 0.000
0.0 0.041
0.0 0.029
1.0 0.428
0.0 0.001
0.0 0.047
0.0 0.401
0.0 0.473
1.0 0.304
0.0 0.230
0.0 0.020
0.0 0.000
0.0 0.038
0.0 0.012
0.0 0.000
1.0 0.086
0.0 0.011
0.0 0.000
0.0 0.069
0.0 0.000
0.0 0.015
0.0 0.016
0.0 0.455
0.0 0.023
0.0 0.633
0.0 0.056
0.0 0.057
0.0 0.021
0.0 0.046
0.0 0.358
0.0 0.013
0.0 0.005
0.0 0.003
1.0 0.493
1.0 0.672
1.0 0.473
1.0 0.589
1.0 0.763
0.0 0.126
0.0 0.000
1.0 0.774
0.0 0.042
1.0 0.682
0.0 0.314
0.0 0.000
0.0 0.133
0.0 0.006
0.0 0.014
0.0 0.698
0.0 0.184
0.0 0.000
1.0 0.444
0.0 0.530
0.0 0.000
0.0 0.036
0.0 0.000
0.0 0.000
0.0 0.026
0.0 0.468
0.0 0.016
1.0 0.481
0.0 0.390
0.0 0.604
0.0 0.286
1.0 0.794
0.0 0.000
1.0 0.461
1.0 0.592
0.0 0.029
0.0 0.022
0.0 0.000
0.0 0.435
1.0 0.492
0.0 0.007
0.0 0.040
0.0 0.000
0.0 0.035
0.0 0.049
0.0 0.000
0.0 0.094
0.0 0.012
1.0 0.246
0.0 0.308
0.0 0.011
0.0 0.709
0.0 0.000
0.0 0.047
0.0 0.017
1.0 0.883
0.0 0.000
0.0 0.016
0.0 0.038
0.0 0.000
1.0 0.439
0.0 0.024
0.0 0.188
0.0 0.421
0.0 0.078
0.0 0.022
1.0 0.629
0.0 0.054
0.0 0.091
0.0 0.042
0.0 0.000
0.0 0.077
1.0 0.494
0.0 0.000
1.0 0.549
1.0 0.625
0.0 0.000
0.0 0.020
0.0 0.000
0.0 0.048
0.0 0.163
0.0 0.000
1.0 0.714
0.0 0.052
1.0 0.650
0.0 0.060
0.0 0.015
1.0 0.634
1.0 0.424
0.0 0.071
0.0 0.489
0.0 0.028
0.0 0.062
0.0 0.015
0.0 0.110
0.0 0.000
0.0 0.046
0.0 0.050
1.0 0.552
0.0 0.042
1.0 0.601
0.0 0.000
0.0 0.022
1.0 0.597
0.0 0.030
0.0 0.000
0.0 0.036
1.0 0.492
0.0 0.033
0.0 0.024
0.0 0.407
0.0 0.043
0.0 0.397
0.0 0.042
0.0 0.211
0.0 0.000
0.0 0.000
1.0 0.447
0.0 0.000
0.0 0.039
0.0 0.000
0.0 0.027
0.0 0.025
0.0 0.608
0.0 0.351
0.0 0.030
0.0 0.109
0.0 0.000
0.0 0.011
0.0 0.037
1.0 0.354
1.0 0.655
0.0 0.021
1.0 0.452
0.0 0.154
0.0 0.107
0.0 0.182
0.0 0.000
0.0 0.041
1.0 0.778
1.0 0.473
0.0 0.121
0.0 0.000
0.0 0.036
0.0 0.000
0.0 0.066
1.0 0.491
1.0 0.483
0.0 0.301
0.0 0.037
1.0 0.388
0.0 0.169
0.0 0.508
0.0 0.097
1.0 0.446
1.0 0.039
0.0 0.036
0.0 0.073
0.0 0.020
1.0 0.717
0.0 0.129
0.0 0.493
0.0 0.000
0.0 0.008
0.0 0.121
0.0 0.000
0.0 0.143
0.0 0.521
0.0 0.000
1.0 0.619
0.0 0.423
1.0 0.481
0.0 0.000
0.0 0.044
0.0 0.056
0.0 0.000
0.0 0.032
0.0 0.033
0.0 0.053
0.0 0.383
0.0 0.220
1.0 0.683
0.0 0.078
0.0 0.000
0.0 0.035
0.0 0.056
1.0 0.515
0.0 0.016
0.0 0.255
1.0 0.717
1.0 0.190
0.0 0.235
0.0 0.325
0.0 0.244
0.0 0.010
0.0 0.505
0.0 0.325
0.0 0.000
0.0 0.261
0.0 0.045
0.0 0.235
1.0 0.390
0.0 0.000
1.0 0.434
0.0 0.191
0.0 0.046
0.0 0.093
0.0 0.051
0.0 0.023
0.0 0.005
0.0 0.057
0.0 0.432
0.0 0.412
0.0 0.000
0.0 0.033
0.0 0.079
0.0 0.028
0.0 0.000
0.0 0.138
0.0 0.338
0.0 0.000
1.0 0.652
0.0 0.049
0.0 0.049
0.0 0.013
0.0 0.029
0.0 0.000
1.0 0.377
0.0 0.000
0.0 0.047
0.0 0.531
0.0 0.051
0.0 0.032
0.0 0.293
0.0 0.000
0.0 0.538
0.0 0.331
1.0 0.419
0.0 0.026
0.0 0.000
1.0 0.625
0.0 0.607
1.0 0.040
0.0 0.366
0.0 0.019
1.0 0.038
0.0 0.452
1.0 0.737
0.0 0.045
1.0 0.244
0.0 0.007
1.0 0.717
1.0 0.754
0.0 0.000
0.0 0.020
0.0 0.001
0.0 0.053
0.0 0.000
0.0 0.000
0.0 0.000
0.0 0.000
1.0 0.467
0.0 0.009
0.0 0.139
0.0 0.054
0.0 0.083
0.0 0.000
0.0 0.020
0.0 0.069
1.0 0.770
1.0 0.520
0.0 0.286
0.0 0.063
0.0 0.071
1.0 0.760
0.0 0.223
0.0 0.021
0.0 0.051
0.0 0.588
0.0 0.018
0.0 0.041
1.0 0.485
0.0 0.055
0.0 0.000
0.0 0.319
0.0 0.439
0.0 0.070
0.0 0.000
0.0 0.053
1.0 0.509
0.0 0.066
1.0 0.462
0.0 0.249
0.0 0.000
1.0 0.594
0.0 0.408
0.0 0.000
0.0 0.123
0.0 0.000
1.0 0.423
0.0 0.042
0.0 0.733
1.0 0.656
0.0 0.039
0.0 0.172
1.0 0.842
0.0 0.012
0.0 0.000
0.0 0.000
0.0 0.000
0.0 0.043
0.0 0.204
0.0 0.440
1.0 0.745
1.0 0.422
0.0 0.000
0.0 0.000
0.0 0.007
0.0 0.000
1.0 0.577
0.0 0.000
0.0 0.041
0.0 0.039
0.0 0.006
0.0 0.101
