0.0 0.928
0.0 0.897
0.0 0.953
0.0 0.836
0.0 0.948
0.0 0.379
0.0 0.993
0.0 0.626
0.0 0.873
0.0 0.876
0.0 0.984
0.0 0.824
0.0 0.572
0.0 0.181
1.0 0.902
1.0 0.790
1.0 0.947
1.0 0.979
1.0 0.948
1.0 0.930
1.0 0.950
1.0 0.984
1.0 0.992
1.0 0.895
1.0 0.973
1.0 0.531
1.0 0.983
1.0 0.928
1.0 0.967
1.0 0.984
1.0 0.665
1.0 0.838
1.0 0.934
1.0 0.985
1.0 0.978
1.0 0.926
1.0 0.955
1.0 0.919
1.0 0.982
1.0 0.995
1.0 0.987
1.0 0.787
1.0 0.967
1.0 0.700
1.0 0.910
1.0 0.959
1.0 0.988
1.0 0.982
1.0 0.804
1.0 0.973
1.0 0.698
1.0 0.341
1.0 0.832
1.0 0.988
1.0 0.653
1.0 0.974
1.0 0.827
1.0 0.993
1.0 0.986
1.0 0.976
1.0 0.978
1.0 0.845
1.0 0.621
1.0 0.990
1.0 0.933
1.0 0.989
1.0 0.991
1.0 0.890
1.0 0.991
1.0 0.980
1.0 0.876
1.0 0.941
1.0 0.978
1.0 0.987
1.0 0.669
1.0 0.915
1.0 0.985
1.0 0.728
1.0 0.937
1.0 0.908
1.0 0.956
1.0 0.995
1.0 0.988
1.0 0.991
1.0 0.978
1.0 0.975
1.0 0.981
1.0 0.994
1.0 0.979
1.0 0.647
1.0 0.989
1.0 0.707
1.0 0.969
1.0 0.985
1.0 0.915
1.0 0.938
1.0 0.847
1.0 0.958
1.0 0.982
1.0 0.975
1.0 0.960
1.0 0.942
1.0 0.992
1.0 0.986
1.0 0.913
1.0 0.882
1.0 0.986
1.0 0.981
1.0 0.986
1.0 0.983
1.0 0.990
1.0 0.968
1.0 0.916
1.0 0.979
1.0 0.995
1.0 0.992
1.0 0.964
1.0 0.983
1.0 0.978
1.0 0.978
1.0 0.947
1.0 0.702
1.0 0.940
1.0 0.921
1.0 0.911
1.0 0.916
1.0 0.940
1.0 0.848
1.0 0.982
1.0 0.993
1.0 0.985
1.0 0.968
1.0 0.950
1.0 0.824
1.0 0.958
1.0 0.910
1.0 0.974
1.0 0.973
1.0 0.930
