0.0 0.199
0.0 0.070
0.0 0.107
0.0 0.043
1.0 0.440
0.0 0.199
0.0 0.059
0.0 0.275
1.0 0.096
0.0 0.199
0.0 0.000
0.0 0.000
0.0 0.074
0.0 0.083
0.0 0.049
0.0 0.033
0.0 0.381
0.0 0.416
0.0 0.479
0.0 0.000
0.0 0.280
0.0 0.046
0.0 0.058
0.0 0.455
0.0 0.209
0.0 0.341
0.0 0.041
0.0 0.031
0.0 0.265
0.0 0.179
0.0 0.059
0.0 0.000
0.0 0.046
0.0 0.033
0.0 0.034
0.0 0.093
0.0 0.151
0.0 0.205
0.0 0.306
0.0 0.344
0.0 0.117
0.0 0.024
0.0 0.077
0.0 0.034
0.0 0.000
0.0 0.000
1.0 0.436
0.0 0.136
1.0 0.215
0.0 0.117
0.0 0.039
0.0 0.070
0.0 0.068
0.0 0.191
0.0 0.355
0.0 0.377
0.0 0.009
0.0 0.048
1.0 0.193
1.0 0.215
0.0 0.000
0.0 0.133
0.0 0.036
0.0 0.304
0.0 0.177
0.0 0.234
0.0 0.036
0.0 0.000
0.0 0.063
0.0 0.003
1.0 0.501
0.0 0.147
0.0 0.012
1.0 0.581
0.0 0.221
0.0 0.022
1.0 0.434
0.0 0.047
0.0 0.409
0.0 0.453
0.0 0.184
0.0 0.068
0.0 0.000
1.0 0.310
0.0 0.081
0.0 0.117
0.0 0.004
0.0 0.129
1.0 0.325
0.0 0.051
0.0 0.125
0.0 0.060
0.0 0.251
0.0 0.056
0.0 0.000
1.0 0.027
0.0 0.045
1.0 0.444
1.0 0.241
0.0 0.220
0.0 0.032
0.0 0.000
0.0 0.034
1.0 0.053
0.0 0.061
0.0 0.383
0.0 0.103
0.0 0.044
0.0 0.107
1.0 0.078
0.0 0.061
0.0 0.457
0.0 0.000
0.0 0.068
0.0 0.425
1.0 0.407
0.0 0.056
0.0 0.079
1.0 0.523
0.0 0.444
0.0 0.068
0.0 0.044
0.0 0.000
0.0 0.000
0.0 0.031
1.0 0.079
0.0 0.048
0.0 0.108
0.0 0.002
0.0 0.047
0.0 0.161
1.0 0.260
0.0 0.000
0.0 0.128
0.0 0.028
1.0 0.539
0.0 0.069
0.0 0.000
0.0 0.021
1.0 0.397
0.0 0.040
0.0 0.066
0.0 0.130
0.0 0.000
0.0 0.460
0.0 0.034
0.0 0.069
0.0 0.000
0.0 0.010
0.0 0.008
0.0 0.000
0.0 0.063
0.0 0.043
0.0 0.124
1.0 0.481
0.0 0.024
0.0 0.000
0.0 0.125
0.0 0.207
0.0 0.058
0.0 0.174
0.0 0.376
0.0 0.050
0.0 0.016
0.0 0.055
0.0 0.046
0.0 0.036
0.0 0.005
0.0 0.017
0.0 0.198
0.0 0.013
1.0 0.015
0.0 0.019
0.0 0.177
0.0 0.059
0.0 0.271
0.0 0.023
1.0 0.201
0.0 0.125
0.0 0.364
1.0 0.505
0.0 0.123
0.0 0.115
1.0 0.601
0.0 0.008
1.0 0.489
0.0 0.000
0.0 0.199
0.0 0.390
1.0 0.190
0.0 0.000
0.0 0.001
0.0 0.117
0.0 0.096
0.0 0.042
1.0 0.172
0.0 0.051
0.0 0.119
0.0 0.247
0.0 0.222
0.0 0.015
0.0 0.110
0.0 0.299
0.0 0.272
1.0 0.169
0.0 0.074
0.0 0.210
0.0 0.000
0.0 0.032
0.0 0.000
1.0 0.455
0.0 0.142
0.0 0.411
0.0 0.000
0.0 0.004
0.0 0.117
0.0 0.215
0.0 0.036
0.0 0.050
0.0 0.000
0.0 0.004
0.0 0.003
0.0 0.000
0.0 0.000
0.0 0.000
1.0 0.384
0.0 0.000
0.0 0.077
0.0 0.151
0.0 0.361
0.0 0.443
0.0 0.031
0.0 0.049
0.0 0.000
0.0 0.137
0.0 0.364
0.0 0.055
0.0 0.177
0.0 0.171
0.0 0.056
0.0 0.443
0.0 0.016
0.0 0.367
0.0 0.010
0.0 0.044
0.0 0.170
0.0 0.026
0.0 0.061
0.0 0.205
0.0 0.171
0.0 0.182
0.0 0.067
0.0 0.184
0.0 0.000
1.0 0.227
0.0 0.023
1.0 0.296
0.0 0.110
0.0 0.000
0.0 0.038
0.0 0.159
0.0 0.036
0.0 0.053
0.0 0.129
0.0 0.099
0.0 0.391
0.0 0.033
0.0 0.000
0.0 0.000
0.0 0.215
1.0 0.390
0.0 0.007
0.0 0.080
0.0 0.016
0.0 0.175
0.0 0.096
1.0 0.409
0.0 0.127
0.0 0.032
0.0 0.259
0.0 0.006
0.0 0.000
0.0 0.000
1.0 0.124
0.0 0.139
0.0 0.247
0.0 0.186
0.0 0.320
0.0 0.249
0.0 0.469
0.0 0.057
1.0 0.290
0.0 0.035
0.0 0.283
0.0 0.160
0.0 0.309
0.0 0.192
0.0 0.050
0.0 0.177
0.0 0.043
0.0 0.025
0.0 0.045
0.0 0.109
1.0 0.084
1.0 0.425
0.0 0.056
0.0 0.142
0.0 0.368
0.0 0.000
0.0 0.048
0.0 0.286
1.0 0.402
0.0 0.051
0.0 0.147
0.0 0.052
0.0 0.000
0.0 0.359
0.0 0.429
0.0 0.006
0.0 0.063
0.0 0.018
0.0 0.054
0.0 0.225
0.0 0.099
0.0 0.379
0.0 0.046
0.0 0.198
0.0 0.150
0.0 0.400
0.0 0.367
0.0 0.059
0.0 0.186
1.0 0.471
0.0 0.348
0.0 0.068
0.0 0.358
0.0 0.000
0.0 0.605
0.0 0.044
0.0 0.036
0.0 0.062
0.0 0.037
0.0 0.147
0.0 0.016
0.0 0.000
0.0 0.048
0.0 0.209
0.0 0.054
0.0 0.000
0.0 0.000
0.0 0.049
0.0 0.055
0.0 0.000
0.0 0.123
0.0 0.014
0.0 0.009
0.0 0.168
0.0 0.188
0.0 0.145
1.0 0.386
0.0 0.000
0.0 0.005
0.0 0.000
0.0 0.140
0.0 0.295
0.0 0.106
0.0 0.048
0.0 0.000
0.0 0.020
0.0 0.524
0.0 0.014
0.0 0.044
0.0 0.000
0.0 0.036
0.0 0.413
0.0 0.058
0.0 0.172
0.0 0.198
0.0 0.066
0.0 0.136
0.0 0.442
1.0 0.074
0.0 0.108
0.0 0.036
0.0 0.336
0.0 0.015
0.0 0.216
0.0 0.130
0.0 0.002
0.0 0.360
0.0 0.050
0.0 0.342
0.0 0.000
0.0 0.122
0.0 0.047
0.0 0.167
0.0 0.054
0.0 0.065
0.0 0.102
0.0 0.151
0.0 0.034
0.0 0.000
0.0 0.145
0.0 0.214
0.0 0.002
0.0 0.000
0.0 0.540
0.0 0.128
0.0 0.164
0.0 0.058
0.0 0.021
1.0 0.457
0.0 0.388
0.0 0.107
0.0 0.036
0.0 0.010
0.0 0.010
0.0 0.014
0.0 0.000
0.0 0.000
0.0 0.000
0.0 0.000
0.0 0.276
0.0 0.019
0.0 0.025
0.0 0.149
0.0 0.003
0.0 0.000
0.0 0.107
0.0 0.135
0.0 0.195
0.0 0.258
0.0 0.378
0.0 0.066
0.0 0.009
1.0 0.335
0.0 0.292
1.0 0.516
0.0 0.314
0.0 0.000
0.0 0.281
0.0 0.171
0.0 0.121
0.0 0.026
0.0 0.233
0.0 0.018
1.0 0.488
0.0 0.005
0.0 0.018
0.0 0.019
0.0 0.000
0.0 0.209
0.0 0.082
0.0 0.245
0.0 0.043
0.0 0.346
0.0 0.041
0.0 0.000
0.0 0.003
0.0 0.184
0.0 0.190
0.0 0.416
0.0 0.018
0.0 0.104
0.0 0.000
0.0 0.000
0.0 0.051
1.0 0.459
0.0 0.060
0.0 0.034
0.0 0.059
0.0 0.021
0.0 0.063
0.0 0.355
0.0 0.110
1.0 0.424
0.0 0.220
0.0 0.019
0.0 0.032
0.0 0.202
0.0 0.010
0.0 0.078
0.0 0.249
0.0 0.016
0.0 0.101
0.0 0.000
0.0 0.168
1.0 0.158
0.0 0.373
0.0 0.000
0.0 0.411
0.0 0.035
0.0 0.000
0.0 0.362
0.0 0.396
0.0 0.159
0.0 0.028
0.0 0.268
0.0 0.000
0.0 0.008
0.0 0.227
0.0 0.000
0.0 0.036
0.0 0.139
0.0 0.033
0.0 0.001
0.0 0.000
1.0 0.357
0.0 0.047
0.0 0.241
0.0 0.054
1.0 0.215
0.0 0.111
0.0 0.234
0.0 0.047
0.0 0.042
0.0 0.005
0.0 0.000
0.0 0.003
0.0 0.000
0.0 0.004
0.0 0.000
0.0 0.516
0.0 0.115
0.0 0.058
1.0 0.339
0.0 0.085
0.0 0.156
0.0 0.044
0.0 0.000
0.0 0.235
0.0 0.238
0.0 0.066
0.0 0.212
0.0 0.156
0.0 0.040
0.0 0.065
0.0 0.261
0.0 0.000
0.0 0.000
0.0 0.000
0.0 0.019
0.0 0.202
0.0 0.003
0.0 0.000
0.0 0.000
0.0 0.000
0.0 0.348
0.0 0.084
0.0 0.020
1.0 0.175
0.0 0.050
0.0 0.000
1.0 0.489
0.0 0.045
0.0 0.053
1.0 0.416
0.0 0.072
1.0 0.299
0.0 0.000
0.0 0.058
0.0 0.006
0.0 0.044
0.0 0.029
0.0 0.430
0.0 0.018
0.0 0.000
0.0 0.087
0.0 0.028
0.0 0.002
0.0 0.067
0.0 0.435
0.0 0.000
1.0 0.416
0.0 0.054
0.0 0.033
0.0 0.095
1.0 0.566
0.0 0.286
0.0 0.199
0.0 0.477
0.0 0.047
0.0 0.000
0.0 0.000
0.0 0.051
0.0 0.073
0.0 0.141
0.0 0.041
0.0 0.531
0.0 0.148
0.0 0.286
0.0 0.069
0.0 0.117
0.0 0.210
0.0 0.162
0.0 0.099
0.0 0.000
0.0 0.392
1.0 0.266
1.0 0.204
0.0 0.000
0.0 0.028
0.0 0.032
0.0 0.002
0.0 0.000
0.0 0.066
0.0 0.062
0.0 0.444
0.0 0.000
1.0 0.350
1.0 0.196
0.0 0.000
0.0 0.000
0.0 0.079
0.0 0.011
1.0 0.093
1.0 0.563
0.0 0.107
0.0 0.023
0.0 0.059
0.0 0.047
0.0 0.009
1.0 0.323
0.0 0.373
0.0 0.215
0.0 0.179
0.0 0.488
0.0 0.014
0.0 0.252
0.0 0.000
0.0 0.000
0.0 0.000
0.0 0.016
0.0 0.004
0.0 0.049
0.0 0.473
0.0 0.019
0.0 0.212
0.0 0.086
0.0 0.069
0.0 0.011
0.0 0.043
0.0 0.000
0.0 0.000
0.0 0.015
0.0 0.104
0.0 0.000
0.0 0.004
0.0 0.092
0.0 0.153
0.0 0.177
0.0 0.000
0.0 0.024
0.0 0.043
0.0 0.166
1.0 0.022
0.0 0.048
0.0 0.302
0.0 0.069
0.0 0.041
0.0 0.017
0.0 0.466
1.0 0.396
0.0 0.066
1.0 0.349
0.0 0.073
0.0 0.003
0.0 0.071
0.0 0.111
1.0 0.293
0.0 0.109
0.0 0.020
0.0 0.378
1.0 0.181
0.0 0.056
0.0 0.363
1.0 0.443
0.0 0.049
0.0 0.050
0.0 0.000
0.0 0.037
0.0 0.000
0.0 0.176
0.0 0.337
1.0 0.229
0.0 0.022
0.0 0.000
0.0 0.020
0.0 0.067
1.0 0.229
0.0 0.000
0.0 0.395
0.0 0.061
0.0 0.121
0.0 0.107
0.0 0.060
0.0 0.032
0.0 0.430
0.0 0.168
0.0 0.038
0.0 0.077
0.0 0.071
0.0 0.093
0.0 0.074
0.0 0.000
0.0 0.537
0.0 0.054
0.0 0.388
0.0 0.038
1.0 0.192
0.0 0.090
1.0 0.565
0.0 0.000
0.0 0.000
0.0 0.000
0.0 0.000
1.0 0.157
0.0 0.031
0.0 0.058
0.0 0.000
0.0 0.005
0.0 0.000
0.0 0.000
0.0 0.147
0.0 0.281
0.0 0.076
0.0 0.484
1.0 0.228
0.0 0.003
0.0 0.002
0.0 0.019
1.0 0.476
1.0 0.158
0.0 0.224
0.0 0.042
1.0 0.185
0.0 0.000
0.0 0.000
0.0 0.012
1.0 0.185
0.0 0.030
0.0 0.267
0.0 0.004
0.0 0.035
0.0 0.023
0.0 0.189
0.0 0.000
0.0 0.001
0.0 0.045
0.0 0.042
0.0 0.026
0.0 0.052
0.0 0.000
0.0 0.305
0.0 0.126
0.0 0.316
0.0 0.406
0.0 0.412
0.0 0.319
0.0 0.252
0.0 0.103
0.0 0.000
0.0 0.000
0.0 0.174
0.0 0.059
0.0 0.035
0.0 0.007
0.0 0.053
0.0 0.378
1.0 0.143
0.0 0.522
0.0 0.060
1.0 0.392
0.0 0.000
0.0 0.000
0.0 0.044
0.0 0.054
1.0 0.409
0.0 0.027
0.0 0.000
0.0 0.000
0.0 0.055
0.0 0.027
0.0 0.142
0.0 0.206
0.0 0.073
0.0 0.247
0.0 0.022
0.0 0.057
0.0 0.034
0.0 0.000
0.0 0.045
0.0 0.043
0.0 0.163
0.0 0.267
0.0 0.034
0.0 0.138
0.0 0.000
0.0 0.000
0.0 0.054
0.0 0.220
0.0 0.037
0.0 0.077
0.0 0.008
0.0 0.159
0.0 0.009
0.0 0.044
0.0 0.085
0.0 0.023
0.0 0.192
1.0 0.424
0.0 0.204
0.0 0.325
0.0 0.009
0.0 0.048
0.0 0.059
0.0 0.107
0.0 0.000
0.0 0.283
1.0 0.511
0.0 0.009
1.0 0.104
0.0 0.108
0.0 0.222
1.0 0.223
1.0 0.383
0.0 0.000
0.0 0.143
0.0 0.006
0.0 0.189
0.0 0.367
0.0 0.171
0.0 0.156
0.0 0.045
0.0 0.160
0.0 0.107
0.0 0.049
0.0 0.002
0.0 0.195
0.0 0.000
0.0 0.001
0.0 0.043
0.0 0.051
0.0 0.000
1.0 0.449
0.0 0.026
0.0 0.069
0.0 0.003
0.0 0.051
0.0 0.414
0.0 0.406
0.0 0.000
0.0 0.000
1.0 0.435
0.0 0.000
0.0 0.045
0.0 0.043
0.0 0.000
1.0 0.323
1.0 0.355
0.0 0.000
0.0 0.049
0.0 0.199
0.0 0.304
0.0 0.005
0.0 0.000
0.0 0.047
0.0 0.080
0.0 0.000
0.0 0.438
0.0 0.000
0.0 0.032
0.0 0.352
0.0 0.017
0.0 0.079
0.0 0.426
0.0 0.041
0.0 0.489
0.0 0.027
0.0 0.009
1.0 0.521
1.0 0.456
0.0 0.298
0.0 0.053
0.0 0.000
0.0 0.046
0.0 0.066
0.0 0.037
0.0 0.018
1.0 0.401
0.0 0.194
1.0 0.424
0.0 0.006
0.0 0.411
0.0 0.026
0.0 0.008
0.0 0.400
0.0 0.003
1.0 0.367
1.0 0.275
0.0 0.184
0.0 0.157
0.0 0.000
0.0 0.023
0.0 0.204
0.0 0.486
0.0 0.000
1.0 0.207
0.0 0.330
0.0 0.000
1.0 0.591
0.0 0.428
0.0 0.030
0.0 0.114
0.0 0.434
0.0 0.008
0.0 0.030
0.0 0.076
1.0 0.083
0.0 0.205
1.0 0.334
0.0 0.211
0.0 0.022
0.0 0.014
0.0 0.018
0.0 0.037
0.0 0.014
0.0 0.076
0.0 0.002
1.0 0.265
0.0 0.324
0.0 0.000
1.0 0.336
0.0 0.059
1.0 0.407
0.0 0.053
0.0 0.067
0.0 0.037
0.0 0.056
0.0 0.015
1.0 0.390
0.0 0.075
0.0 0.063
0.0 0.397
0.0 0.019
0.0 0.000
0.0 0.060
0.0 0.000
0.0 0.025
0.0 0.000
0.0 0.065
0.0 0.047
0.0 0.470
1.0 0.462
0.0 0.021
0.0 0.021
0.0 0.000
0.0 0.065
0.0 0.129
0.0 0.283
0.0 0.062
0.0 0.000
0.0 0.293
0.0 0.339
0.0 0.000
0.0 0.356
0.0 0.030
1.0 0.567
0.0 0.045
0.0 0.040
0.0 0.376
0.0 0.147
0.0 0.019
1.0 0.102
0.0 0.170
0.0 0.050
0.0 0.397
0.0 0.026
0.0 0.000
0.0 0.116
0.0 0.002
0.0 0.000
0.0 0.000
1.0 0.198
0.0 0.210
0.0 0.178
0.0 0.023
0.0 0.110
1.0 0.119
0.0 0.000
0.0 0.000
0.0 0.452
0.0 0.059
0.0 0.197
0.0 0.252
0.0 0.302
0.0 0.033
1.0 0.280
0.0 0.025
0.0 0.339
0.0 0.000
0.0 0.042
0.0 0.032
0.0 0.348
0.0 0.036
0.0 0.013
0.0 0.013
0.0 0.295
0.0 0.000
0.0 0.002
0.0 0.184
0.0 0.000
0.0 0.076
0.0 0.044
0.0 0.142
0.0 0.037
0.0 0.097
0.0 0.187
0.0 0.488
0.0 0.000
0.0 0.046
0.0 0.099
0.0 0.021
0.0 0.074
0.0 0.061
1.0 0.190
0.0 0.430
0.0 0.033
0.0 0.000
0.0 0.291
1.0 0.183
0.0 0.019
1.0 0.454
0.0 0.009
0.0 0.042
0.0 0.048
0.0 0.139
0.0 0.016
0.0 0.128
1.0 0.202
1.0 0.187
0.0 0.183
0.0 0.002
0.0 0.009
0.0 0.192
1.0 0.171
0.0 0.086
0.0 0.000
0.0 0.154
0.0 0.000
0.0 0.412
0.0 0.040
1.0 0.280
0.0 0.067
0.0 0.077
0.0 0.044
0.0 0.061
1.0 0.179
1.0 0.260
0.0 0.000
0.0 0.000
0.0 0.309
0.0 0.038
0.0 0.010
0.0 0.188
0.0 0.127
0.0 0.028
0.0 0.047
0.0 0.447
1.0 0.442
1.0 0.209
0.0 0.000
0.0 0.006
0.0 0.008
0.0 0.056
0.0 0.195
0.0 0.306
0.0 0.023
0.0 0.123
0.0 0.213
0.0 0.387
0.0 0.017
0.0 0.051
0.0 0.143
0.0 0.044
0.0 0.000
0.0 0.127
0.0 0.091
0.0 0.000
0.0 0.192
0.0 0.000
0.0 0.180
1.0 0.373
0.0 0.025
0.0 0.349
0.0 0.176
0.0 0.003
1.0 0.274
1.0 0.188
1.0 0.155
0.0 0.000
0.0 0.000
0.0 0.276
0.0 0.000
0.0 0.060
0.0 0.000
0.0 0.000
1.0 0.500
0.0 0.269
0.0 0.031
0.0 0.141
0.0 0.020
0.0 0.419
0.0 0.058
0.0 0.119
0.0 0.180
0.0 0.532
0.0 0.037
0.0 0.016
0.0 0.163
0.0 0.000
0.0 0.045
0.0 0.085
1.0 0.422
0.0 0.006
0.0 0.076
0.0 0.250
0.0 0.069
0.0 0.367
0.0 0.000
0.0 0.484
0.0 0.372
1.0 0.217
0.0 0.085
0.0 0.158
1.0 0.517
0.0 0.323
0.0 0.023
0.0 0.046
0.0 0.073
0.0 0.024
0.0 0.028
0.0 0.131
0.0 0.057
0.0 0.027
0.0 0.146
0.0 0.434
0.0 0.000
0.0 0.032
0.0 0.126
0.0 0.001
0.0 0.133
0.0 0.017
1.0 0.238
0.0 0.035
0.0 0.334
0.0 0.462
0.0 0.314
0.0 0.077
0.0 0.000
0.0 0.099
1.0 0.505
0.0 0.198
0.0 0.283
1.0 0.186
0.0 0.000
0.0 0.125
0.0 0.054
0.0 0.253
0.0 0.194
0.0 0.068
1.0 0.500
0.0 0.192
0.0 0.168
0.0 0.226
0.0 0.194
0.0 0.056
0.0 0.029
0.0 0.473
0.0 0.032
0.0 0.000
0.0 0.084
0.0 0.450
0.0 0.021
0.0 0.000
0.0 0.172
0.0 0.035
0.0 0.041
0.0 0.012
0.0 0.314
0.0 0.006
0.0 0.020
0.0 0.170
0.0 0.000
0.0 0.000
0.0 0.344
0.0 0.053
0.0 0.118
0.0 0.024
0.0 0.267
0.0 0.536
0.0 0.103
0.0 0.007
0.0 0.047
0.0 0.074
0.0 0.000
0.0 0.194
0.0 0.000
0.0 0.127
0.0 0.000
0.0 0.217
0.0 0.045
0.0 0.000
0.0 0.000
0.0 0.057
0.0 0.196
0.0 0.011
0.0 0.000
1.0 0.151
0.0 0.061
0.0 0.056
0.0 0.000
0.0 0.036
0.0 0.000
0.0 0.102
0.0 0.055
0.0 0.022
0.0 0.490
0.0 0.216
0.0 0.033
0.0 0.011
0.0 0.249
0.0 0.167
0.0 0.307
0.0 0.000
0.0 0.000
0.0 0.038
0.0 0.000
0.0 0.014
1.0 0.384
0.0 0.012
0.0 0.042
0.0 0.050
0.0 0.199
0.0 0.208
1.0 0.213
0.0 0.000
0.0 0.035
0.0 0.216
0.0 0.028
0.0 0.138
0.0 0.001
0.0 0.000
0.0 0.078
0.0 0.054
0.0 0.000
0.0 0.208
0.0 0.000
0.0 0.007
0.0 0.203
0.0 0.154
1.0 0.265
0.0 0.155
0.0 0.004
0.0 0.142
0.0 0.039
0.0 0.183
0.0 0.185
0.0 0.182
0.0 0.202
0.0 0.115
0.0 0.000
0.0 0.011
1.0 0.224
0.0 0.004
0.0 0.064
0.0 0.000
0.0 0.238
1.0 0.468
0.0 0.055
0.0 0.094
0.0 0.258
1.0 0.141
1.0 0.021
0.0 0.005
0.0 0.433
0.0 0.047
0.0 0.032
0.0 0.353
0.0 0.040
0.0 0.134
0.0 0.290
0.0 0.071
0.0 0.325
1.0 0.381
0.0 0.056
0.0 0.414
0.0 0.025
0.0 0.046
0.0 0.045
0.0 0.361
0.0 0.000
0.0 0.000
0.0 0.000
0.0 0.200
0.0 0.096
0.0 0.395
0.0 0.336
0.0 0.000
0.0 0.287
0.0 0.306
0.0 0.016
1.0 0.444
0.0 0.388
1.0 0.357
0.0 0.006
1.0 0.438
1.0 0.360
0.0 0.059
0.0 0.067
0.0 0.219
0.0 0.000
0.0 0.072
0.0 0.002
0.0 0.000
0.0 0.172
0.0 0.000
0.0 0.036
0.0 0.294
0.0 0.086
0.0 0.016
0.0 0.009
0.0 0.045
0.0 0.000
0.0 0.135
0.0 0.070
0.0 0.163
0.0 0.277
0.0 0.011
0.0 0.249
0.0 0.119
0.0 0.207
0.0 0.212
0.0 0.012
1.0 0.441
0.0 0.023
0.0 0.000
0.0 0.063
0.0 0.000
0.0 0.304
0.0 0.193
0.0 0.000
0.0 0.175
0.0 0.000
0.0 0.004
0.0 0.156
1.0 0.499
0.0 0.009
0.0 0.046
0.0 0.044
0.0 0.007
1.0 0.217
0.0 0.034
0.0 0.042
0.0 0.000
0.0 0.227
0.0 0.122
0.0 0.196
0.0 0.236
0.0 0.052
0.0 0.000
0.0 0.027
0.0 0.223
0.0 0.031
0.0 0.213
0.0 0.166
0.0 0.203
1.0 0.278
0.0 0.475
0.0 0.307
0.0 0.042
0.0 0.167
0.0 0.032
0.0 0.100
0.0 0.021
1.0 0.537
0.0 0.164
0.0 0.250
0.0 0.044
0.0 0.054
0.0 0.012
0.0 0.047
0.0 0.001
0.0 0.251
0.0 0.038
1.0 0.493
0.0 0.072
0.0 0.000
0.0 0.055
0.0 0.000
0.0 0.222
0.0 0.053
0.0 0.273
0.0 0.005
0.0 0.205
0.0 0.066
0.0 0.000
0.0 0.097
0.0 0.000
0.0 0.175
0.0 0.211
0.0 0.355
0.0 0.033
0.0 0.036
0.0 0.015
0.0 0.114
0.0 0.173
0.0 0.103
0.0 0.483
0.0 0.000
0.0 0.034
0.0 0.212
0.0 0.146
0.0 0.040
0.0 0.439
0.0 0.299
1.0 0.234
0.0 0.245
0.0 0.000
0.0 0.426
0.0 0.029
0.0 0.107
0.0 0.031
0.0 0.030
0.0 0.000
0.0 0.000
1.0 0.433
0.0 0.057
0.0 0.005
1.0 0.264
0.0 0.051
0.0 0.000
0.0 0.044
0.0 0.204
0.0 0.000
0.0 0.257
0.0 0.000
0.0 0.029
0.0 0.052
0.0 0.212
0.0 0.050
0.0 0.172
0.0 0.014
1.0 0.159
0.0 0.000
0.0 0.034
0.0 0.474
0.0 0.038
0.0 0.032
0.0 0.048
0.0 0.397
0.0 0.000
1.0 0.179
0.0 0.000
0.0 0.039
0.0 0.005
0.0 0.082
0.0 0.022
0.0 0.046
0.0 0.052
0.0 0.134
0.0 0.008
0.0 0.007
0.0 0.027
0.0 0.040
0.0 0.000
0.0 0.406
0.0 0.000
0.0 0.000
0.0 0.046
0.0 0.059
0.0 0.067
1.0 0.395
1.0 0.185
0.0 0.049
0.0 0.052
0.0 0.046
0.0 0.151
0.0 0.220
0.0 0.039
0.0 0.129
0.0 0.000
0.0 0.046
0.0 0.000
0.0 0.123
0.0 0.079
0.0 0.479
0.0 0.040
0.0 0.525
0.0 0.005
0.0 0.004
0.0 0.242
0.0 0.350
0.0 0.009
0.0 0.045
0.0 0.059
0.0 0.169
0.0 0.021
0.0 0.011
0.0 0.000
0.0 0.000
0.0 0.018
0.0 0.007
0.0 0.023
0.0 0.350
0.0 0.110
0.0 0.000
0.0 0.015
0.0 0.164
0.0 0.028
0.0 0.025
0.0 0.206
0.0 0.319
0.0 0.056
0.0 0.293
0.0 0.064
0.0 0.030
0.0 0.000
1.0 0.198
0.0 0.000
0.0 0.169
0.0 0.068
0.0 0.324
0.0 0.376
0.0 0.009
0.0 0.100
0.0 0.221
0.0 0.000
1.0 0.426
1.0 0.416
0.0 0.338
0.0 0.000
0.0 0.000
0.0 0.039
0.0 0.118
0.0 0.298
0.0 0.000
0.0 0.016
1.0 0.496
0.0 0.167
0.0 0.000
0.0 0.122
0.0 0.000
0.0 0.217
0.0 0.134
0.0 0.179
0.0 0.090
0.0 0.209
0.0 0.062
0.0 0.146
0.0 0.263
0.0 0.039
0.0 0.144
0.0 0.000
0.0 0.167
0.0 0.034
0.0 0.321
0.0 0.048
0.0 0.035
0.0 0.000
0.0 0.038
0.0 0.008
0.0 0.017
0.0 0.071
0.0 0.079
1.0 0.276
0.0 0.000
0.0 0.010
0.0 0.363
0.0 0.138
0.0 0.041
0.0 0.211
0.0 0.047
0.0 0.021
1.0 0.507
0.0 0.000
0.0 0.055
0.0 0.315
0.0 0.050
0.0 0.047
0.0 0.000
1.0 0.220
0.0 0.082
0.0 0.210
0.0 0.281
0.0 0.448
1.0 0.515
1.0 0.207
0.0 0.409
0.0 0.416
0.0 0.000
0.0 0.105
0.0 0.225
0.0 0.027
0.0 0.026
0.0 0.137
0.0 0.132
1.0 0.008
0.0 0.255
0.0 0.423
0.0 0.145
0.0 0.306
0.0 0.203
0.0 0.390
0.0 0.080
0.0 0.000
0.0 0.072
0.0 0.043
0.0 0.142
0.0 0.000
0.0 0.338
0.0 0.056
0.0 0.034
0.0 0.000
0.0 0.011
0.0 0.011
0.0 0.073
0.0 0.000
0.0 0.310
0.0 0.090
0.0 0.025
1.0 0.575
0.0 0.402
0.0 0.109
1.0 0.264
0.0 0.277
0.0 0.235
0.0 0.337
0.0 0.000
0.0 0.154
0.0 0.137
0.0 0.000
0.0 0.004
0.0 0.330
1.0 0.103
0.0 0.000
0.0 0.175
1.0 0.491
0.0 0.188
0.0 0.006
0.0 0.201
0.0 0.036
0.0 0.440
0.0 0.199
0.0 0.000
1.0 0.578
0.0 0.026
0.0 0.152
0.0 0.059
0.0 0.000
1.0 0.110
0.0 0.191
0.0 0.092
1.0 0.304
0.0 0.300
0.0 0.314
0.0 0.210
0.0 0.000
0.0 0.027
0.0 0.523
0.0 0.150
0.0 0.159
0.0 0.004
0.0 0.047
0.0 0.030
0.0 0.049
0.0 0.000
0.0 0.025
0.0 0.050
0.0 0.000
0.0 0.086
0.0 0.365
0.0 0.129
0.0 0.213
0.0 0.000
0.0 0.026
0.0 0.242
0.0 0.085
0.0 0.324
0.0 0.015
0.0 0.065
0.0 0.048
0.0 0.135
0.0 0.049
0.0 0.284
0.0 0.087
0.0 0.200
0.0 0.046
1.0 0.528
0.0 0.006
0.0 0.054
0.0 0.356
0.0 0.122
0.0 0.058
0.0 0.337
1.0 0.555
0.0 0.126
1.0 0.440
0.0 0.181
1.0 0.310
0.0 0.000
0.0 0.144
1.0 0.478
0.0 0.294
0.0 0.099
0.0 0.251
0.0 0.057
0.0 0.100
0.0 0.047
0.0 0.064
0.0 0.043
0.0 0.043
0.0 0.013
0.0 0.291
0.0 0.100
0.0 0.136
0.0 0.117
0.0 0.038
0.0 0.053
0.0 0.071
0.0 0.210
0.0 0.046
0.0 0.029
0.0 0.000
0.0 0.061
0.0 0.006
0.0 0.000
0.0 0.003
0.0 0.000
0.0 0.025
0.0 0.135
0.0 0.323
0.0 0.001
1.0 0.171
0.0 0.041
0.0 0.066
0.0 0.035
0.0 0.146
0.0 0.058
0.0 0.041
0.0 0.028
0.0 0.000
0.0 0.042
0.0 0.016
0.0 0.326
0.0 0.000
0.0 0.025
0.0 0.000
0.0 0.018
0.0 0.097
0.0 0.023
1.0 0.528
0.0 0.030
0.0 0.054
0.0 0.009
1.0 0.471
0.0 0.162
0.0 0.006
0.0 0.000
0.0 0.188
0.0 0.000
0.0 0.000
0.0 0.000
0.0 0.108
0.0 0.000
0.0 0.031
0.0 0.404
0.0 0.007
0.0 0.038
0.0 0.027
0.0 0.049
0.0 0.461
0.0 0.218
0.0 0.042
0.0 0.060
0.0 0.148
0.0 0.127
0.0 0.148
0.0 0.375
1.0 0.239
0.0 0.033
0.0 0.067
0.0 0.135
0.0 0.047
0.0 0.045
0.0 0.403
0.0 0.029
0.0 0.134
0.0 0.175
0.0 0.014
0.0 0.232
0.0 0.000
0.0 0.470
0.0 0.099
0.0 0.172
0.0 0.303
0.0 0.047
0.0 0.316
0.0 0.027
0.0 0.000
0.0 0.053
0.0 0.000
1.0 0.257
0.0 0.000
0.0 0.013
0.0 0.008
0.0 0.132
1.0 0.341
0.0 0.091
0.0 0.034
1.0 0.000
0.0 0.231
0.0 0.076
0.0 0.036
0.0 0.058
0.0 0.404
0.0 0.048
0.0 0.019
0.0 0.053
0.0 0.000
0.0 0.054
0.0 0.321
1.0 0.144
0.0 0.046
0.0 0.158
0.0 0.163
0.0 0.052
0.0 0.043
0.0 0.029
0.0 0.016
0.0 0.037
0.0 0.000
0.0 0.054
0.0 0.207
0.0 0.413
0.0 0.147
0.0 0.072
0.0 0.000
0.0 0.033
0.0 0.042
0.0 0.428
1.0 0.306
0.0 0.000
0.0 0.448
0.0 0.064
0.0 0.198
0.0 0.040
0.0 0.041
0.0 0.050
0.0 0.050
0.0 0.442
0.0 0.005
1.0 0.520
0.0 0.101
0.0 0.316
0.0 0.431
0.0 0.071
0.0 0.145
0.0 0.421
1.0 0.594
0.0 0.016
0.0 0.058
0.0 0.088
0.0 0.170
1.0 0.304
0.0 0.000
0.0 0.000
0.0 0.047
0.0 0.024
0.0 0.037
0.0 0.410
0.0 0.040
1.0 0.498
1.0 0.461
0.0 0.328
0.0 0.095
1.0 0.207
0.0 0.000
0.0 0.100
0.0 0.000
0.0 0.052
0.0 0.031
0.0 0.202
0.0 0.020
0.0 0.000
0.0 0.025
0.0 0.032
0.0 0.050
0.0 0.316
1.0 0.149
0.0 0.011
0.0 0.056
1.0 0.224
0.0 0.034
0.0 0.000
0.0 0.000
0.0 0.000
0.0 0.000
0.0 0.215
0.0 0.508
1.0 0.143
0.0 0.000
0.0 0.356
0.0 0.052
0.0 0.032
0.0 0.057
0.0 0.002
0.0 0.017
1.0 0.467
0.0 0.392
0.0 0.000
0.0 0.006
0.0 0.121
0.0 0.014
0.0 0.045
0.0 0.053
0.0 0.006
0.0 0.042
0.0 0.243
0.0 0.000
0.0 0.066
0.0 0.017
1.0 0.368
1.0 0.234
0.0 0.060
0.0 0.000
0.0 0.017
0.0 0.040
0.0 0.047
0.0 0.052
0.0 0.115
0.0 0.564
0.0 0.236
0.0 0.045
1.0 0.342
0.0 0.441
0.0 0.552
0.0 0.000
0.0 0.285
0.0 0.000
0.0 0.102
0.0 0.069
0.0 0.000
0.0 0.092
0.0 0.023
0.0 0.056
0.0 0.311
0.0 0.000
0.0 0.027
0.0 0.039
0.0 0.040
0.0 0.000
0.0 0.004
0.0 0.091
0.0 0.053
0.0 0.000
0.0 0.199
0.0 0.031
0.0 0.057
0.0 0.043
1.0 0.042
0.0 0.201
0.0 0.224
0.0 0.233
0.0 0.139
0.0 0.017
0.0 0.074
0.0 0.141
0.0 0.005
1.0 0.599
1.0 0.232
0.0 0.015
0.0 0.036
0.0 0.064
0.0 0.085
0.0 0.115
1.0 0.202
0.0 0.004
1.0 0.496
0.0 0.000
0.0 0.184
1.0 0.185
0.0 0.159
0.0 0.018
0.0 0.337
0.0 0.012
0.0 0.000
0.0 0.102
1.0 0.172
0.0 0.000
0.0 0.000
0.0 0.000
0.0 0.021
1.0 0.122
0.0 0.133
1.0 0.440
0.0 0.012
0.0 0.020
0.0 0.136
0.0 0.083
0.0 0.166
1.0 0.518
0.0 0.039
0.0 0.037
0.0 0.003
0.0 0.034
0.0 0.094
0.0 0.247
0.0 0.004
0.0 0.050
0.0 0.460
1.0 0.239
0.0 0.044
0.0 0.093
0.0 0.009
0.0 0.092
0.0 0.098
0.0 0.089
0.0 0.033
0.0 0.357
1.0 0.564
0.0 0.010
0.0 0.053
0.0 0.118
0.0 0.038
0.0 0.000
1.0 0.369
0.0 0.003
0.0 0.094
0.0 0.242
0.0 0.189
0.0 0.271
0.0 0.173
0.0 0.056
0.0 0.000
0.0 0.000
0.0 0.202
0.0 0.364
0.0 0.080
0.0 0.171
0.0 0.213
0.0 0.000
1.0 0.379
0.0 0.168
0.0 0.108
0.0 0.029
0.0 0.041
0.0 0.046
0.0 0.098
0.0 0.000
0.0 0.054
0.0 0.117
0.0 0.452
0.0 0.000
0.0 0.033
0.0 0.000
0.0 0.000
0.0 0.246
0.0 0.047
0.0 0.008
0.0 0.006
0.0 0.003
0.0 0.055
0.0 0.045
0.0 0.029
0.0 0.000
0.0 0.013
0.0 0.373
0.0 0.000
0.0 0.000
1.0 0.462
1.0 0.224
0.0 0.000
0.0 0.113
0.0 0.038
0.0 0.001
0.0 0.369
0.0 0.294
0.0 0.140
0.0 0.000
0.0 0.128
0.0 0.297
0.0 0.115
0.0 0.025
0.0 0.135
0.0 0.379
0.0 0.055
0.0 0.016
0.0 0.212
0.0 0.020
0.0 0.450
1.0 0.590
0.0 0.000
0.0 0.239
0.0 0.133
0.0 0.159
0.0 0.013
0.0 0.087
1.0 0.361
0.0 0.030
0.0 0.000
1.0 0.600
0.0 0.000
0.0 0.038
0.0 0.037
0.0 0.000
1.0 0.417
0.0 0.034
0.0 0.025
0.0 0.001
0.0 0.049
0.0 0.415
0.0 0.001
0.0 0.119
0.0 0.159
0.0 0.109
0.0 0.017
0.0 0.012
1.0 0.545
0.0 0.035
1.0 0.624
1.0 0.161
0.0 0.492
0.0 0.037
0.0 0.017
0.0 0.058
0.0 0.002
0.0 0.000
0.0 0.111
0.0 0.420
0.0 0.020
0.0 0.191
1.0 0.162
0.0 0.058
0.0 0.060
0.0 0.056
0.0 0.042
0.0 0.240
0.0 0.232
0.0 0.305
0.0 0.057
0.0 0.034
0.0 0.275
0.0 0.244
0.0 0.264
0.0 0.079
0.0 0.000
0.0 0.099
1.0 0.505
0.0 0.064
0.0 0.010
0.0 0.031
0.0 0.026
0.0 0.040
0.0 0.047
0.0 0.044
0.0 0.159
0.0 0.091
0.0 0.377
0.0 0.047
1.0 0.243
0.0 0.000
0.0 0.198
0.0 0.066
0.0 0.065
0.0 0.181
0.0 0.083
0.0 0.000
0.0 0.271
0.0 0.049
0.0 0.159
0.0 0.297
0.0 0.084
0.0 0.177
0.0 0.121
0.0 0.175
0.0 0.076
0.0 0.330
0.0 0.207
0.0 0.000
0.0 0.000
0.0 0.000
0.0 0.031
0.0 0.018
0.0 0.060
0.0 0.227
0.0 0.192
1.0 0.200
0.0 0.019
0.0 0.012
0.0 0.199
1.0 0.370
0.0 0.009
0.0 0.028
0.0 0.000
0.0 0.070
0.0 0.260
0.0 0.000
0.0 0.000
0.0 0.185
0.0 0.032
0.0 0.304
1.0 0.409
0.0 0.011
0.0 0.036
0.0 0.407
1.0 0.232
0.0 0.041
0.0 0.034
0.0 0.103
0.0 0.097
0.0 0.249
1.0 0.321
0.0 0.039
0.0 0.010
0.0 0.013
0.0 0.000
0.0 0.022
0.0 0.075
0.0 0.029
0.0 0.459
0.0 0.401
0.0 0.000
0.0 0.137
0.0 0.032
0.0 0.010
0.0 0.062
1.0 0.446
0.0 0.042
0.0 0.051
0.0 0.000
0.0 0.000
0.0 0.109
0.0 0.011
0.0 0.322
0.0 0.033
0.0 0.000
0.0 0.463
0.0 0.024
0.0 0.270
0.0 0.000
0.0 0.000
0.0 0.433
1.0 0.280
0.0 0.038
0.0 0.065
0.0 0.203
0.0 0.091
0.0 0.000
0.0 0.178
0.0 0.030
0.0 0.000
0.0 0.000
0.0 0.138
1.0 0.338
0.0 0.003
0.0 0.167
0.0 0.046
0.0 0.000
0.0 0.192
0.0 0.323
1.0 0.174
0.0 0.034
0.0 0.037
0.0 0.000
0.0 0.040
1.0 0.422
0.0 0.244
0.0 0.036
0.0 0.040
0.0 0.000
0.0 0.182
0.0 0.170
0.0 0.057
0.0 0.222
0.0 0.135
0.0 0.169
0.0 0.096
0.0 0.039
0.0 0.026
0.0 0.062
0.0 0.000
0.0 0.000
0.0 0.000
0.0 0.000
0.0 0.108
0.0 0.403
0.0 0.456
0.0 0.032
0.0 0.126
0.0 0.271
0.0 0.031
0.0 0.056
0.0 0.167
0.0 0.000
0.0 0.056
0.0 0.000
0.0 0.308
0.0 0.213
0.0 0.087
0.0 0.146
1.0 0.125
0.0 0.081
0.0 0.503
0.0 0.017
1.0 0.195
0.0 0.131
0.0 0.000
0.0 0.020
0.0 0.011
0.0 0.101
0.0 0.001
0.0 0.006
0.0 0.070
0.0 0.309
0.0 0.059
0.0 0.040
1.0 0.533
0.0 0.124
0.0 0.013
0.0 0.199
0.0 0.105
0.0 0.008
0.0 0.021
1.0 0.363
0.0 0.000
0.0 0.000
0.0 0.069
0.0 0.027
0.0 0.068
0.0 0.040
1.0 0.202
0.0 0.225
0.0 0.300
0.0 0.174
0.0 0.118
0.0 0.073
0.0 0.000
0.0 0.161
0.0 0.022
0.0 0.021
0.0 0.180
0.0 0.115
0.0 0.392
0.0 0.174
1.0 0.228
0.0 0.056
0.0 0.000
0.0 0.009
1.0 0.269
0.0 0.358
0.0 0.277
1.0 0.208
1.0 0.295
0.0 0.020
0.0 0.407
0.0 0.404
0.0 0.039
0.0 0.232
0.0 0.000
1.0 0.459
0.0 0.105
0.0 0.000
0.0 0.053
0.0 0.000
0.0 0.011
0.0 0.022
0.0 0.371
0.0 0.095
0.0 0.000
0.0 0.467
0.0 0.289
0.0 0.226
0.0 0.033
1.0 0.394
0.0 0.145
0.0 0.395
1.0 0.504
0.0 0.000
0.0 0.000
0.0 0.037
0.0 0.000
0.0 0.062
0.0 0.046
0.0 0.433
0.0 0.025
0.0 0.000
1.0 0.526
0.0 0.072
0.0 0.038
0.0 0.034
0.0 0.189
0.0 0.043
0.0 0.048
0.0 0.030
0.0 0.005
0.0 0.000
0.0 0.051
0.0 0.014
0.0 0.039
0.0 0.000
0.0 0.015
0.0 0.027
0.0 0.165
0.0 0.028
0.0 0.398
0.0 0.033
0.0 0.009
0.0 0.178
1.0 0.163
0.0 0.000
0.0 0.055
0.0 0.184
0.0 0.044
0.0 0.000
0.0 0.000
0.0 0.000
0.0 0.331
1.0 0.480
0.0 0.014
0.0 0.267
0.0 0.015
0.0 0.130
0.0 0.069
0.0 0.071
0.0 0.053
0.0 0.104
0.0 0.000
0.0 0.270
0.0 0.000
0.0 0.169
0.0 0.000
0.0 0.219
0.0 0.053
0.0 0.365
0.0 0.068
0.0 0.043
0.0 0.140
0.0 0.285
0.0 0.035
0.0 0.034
0.0 0.187
0.0 0.000
0.0 0.121
0.0 0.353
0.0 0.360
0.0 0.043
0.0 0.296
0.0 0.000
0.0 0.229
0.0 0.052
0.0 0.103
0.0 0.202
0.0 0.049
0.0 0.096
0.0 0.192
0.0 0.062
0.0 0.000
0.0 0.000
0.0 0.010
0.0 0.000
0.0 0.497
0.0 0.000
0.0 0.045
0.0 0.000
0.0 0.108
0.0 0.014
1.0 0.329
0.0 0.071
0.0 0.011
0.0 0.287
0.0 0.244
0.0 0.035
0.0 0.012
1.0 0.167
0.0 0.019
1.0 0.184
0.0 0.245
0.0 0.097
0.0 0.024
0.0 0.375
1.0 0.361
0.0 0.000
0.0 0.095
0.0 0.019
0.0 0.000
0.0 0.416
1.0 0.197
0.0 0.409
0.0 0.111
0.0 0.008
0.0 0.440
0.0 0.000
0.0 0.367
0.0 0.043
0.0 0.050
0.0 0.176
0.0 0.022
0.0 0.001
0.0 0.492
0.0 0.543
0.0 0.274
0.0 0.000
0.0 0.122
1.0 0.242
0.0 0.447
0.0 0.210
0.0 0.007
0.0 0.000
0.0 0.000
0.0 0.157
0.0 0.003
0.0 0.147
0.0 0.000
0.0 0.000
0.0 0.087
0.0 0.222
0.0 0.215
0.0 0.000
0.0 0.017
0.0 0.060
0.0 0.289
0.0 0.062
0.0 0.313
0.0 0.398
0.0 0.037
0.0 0.348
0.0 0.178
0.0 0.002
0.0 0.001
0.0 0.148
0.0 0.151
1.0 0.456
0.0 0.495
1.0 0.122
0.0 0.002
0.0 0.070
0.0 0.016
1.0 0.059
1.0 0.342
0.0 0.028
0.0 0.000
0.0 0.180
0.0 0.012
0.0 0.033
0.0 0.412
0.0 0.195
0.0 0.000
0.0 0.181
0.0 0.043
1.0 0.208
0.0 0.024
0.0 0.197
0.0 0.341
0.0 0.552
0.0 0.000
0.0 0.083
0.0 0.067
0.0 0.088
0.0 0.161
1.0 0.398
1.0 0.150
0.0 0.000
0.0 0.037
0.0 0.050
0.0 0.094
0.0 0.000
0.0 0.233
0.0 0.130
0.0 0.051
0.0 0.194
0.0 0.285
0.0 0.470
0.0 0.187
0.0 0.065
1.0 0.204
0.0 0.000
1.0 0.407
0.0 0.111
0.0 0.055
0.0 0.233
0.0 0.056
1.0 0.280
0.0 0.000
0.0 0.005
0.0 0.163
0.0 0.000
0.0 0.493
0.0 0.362
0.0 0.411
0.0 0.000
0.0 0.257
0.0 0.063
0.0 0.222
0.0 0.030
1.0 0.514
0.0 0.175
0.0 0.029
0.0 0.355
0.0 0.034
0.0 0.050
0.0 0.255
0.0 0.178
0.0 0.138
0.0 0.000
1.0 0.408
0.0 0.129
0.0 0.036
0.0 0.088
0.0 0.141
0.0 0.000
0.0 0.051
0.0 0.198
0.0 0.000
0.0 0.097
0.0 0.228
0.0 0.154
0.0 0.048
0.0 0.000
0.0 0.052
0.0 0.000
0.0 0.271
0.0 0.114
0.0 0.017
0.0 0.183
0.0 0.010
0.0 0.000
0.0 0.015
1.0 0.204
0.0 0.490
0.0 0.008
0.0 0.251
0.0 0.020
0.0 0.058
0.0 0.000
0.0 0.178
0.0 0.013
0.0 0.000
1.0 0.143
0.0 0.291
1.0 0.276
0.0 0.087
0.0 0.000
0.0 0.033
0.0 0.052
0.0 0.000
0.0 0.024
1.0 0.191
0.0 0.000
0.0 0.000
0.0 0.073
0.0 0.000
0.0 0.074
0.0 0.017
1.0 0.151
0.0 0.042
1.0 0.462
0.0 0.036
0.0 0.046
0.0 0.000
0.0 0.000
1.0 0.389
0.0 0.042
0.0 0.054
0.0 0.000
0.0 0.168
1.0 0.443
0.0 0.155
0.0 0.538
1.0 0.579
0.0 0.007
0.0 0.058
0.0 0.315
0.0 0.051
0.0 0.449
0.0 0.320
0.0 0.000
0.0 0.033
0.0 0.036
0.0 0.000
1.0 0.434
1.0 0.289
0.0 0.009
1.0 0.205
0.0 0.297
0.0 0.000
0.0 0.000
0.0 0.061
0.0 0.016
0.0 0.068
1.0 0.181
0.0 0.000
1.0 0.183
1.0 0.514
0.0 0.416
0.0 0.134
0.0 0.440
0.0 0.000
0.0 0.186
1.0 0.271
0.0 0.034
0.0 0.000
0.0 0.050
0.0 0.154
0.0 0.213
0.0 0.055
0.0 0.051
0.0 0.035
0.0 0.044
0.0 0.013
0.0 0.000
0.0 0.098
0.0 0.000
0.0 0.164
0.0 0.123
0.0 0.082
1.0 0.571
0.0 0.040
0.0 0.006
0.0 0.050
0.0 0.465
0.0 0.033
0.0 0.060
0.0 0.130
0.0 0.000
1.0 0.169
0.0 0.049
0.0 0.245
0.0 0.337
0.0 0.084
0.0 0.003
0.0 0.243
0.0 0.000
0.0 0.008
0.0 0.000
0.0 0.056
0.0 0.056
0.0 0.216
0.0 0.011
0.0 0.173
0.0 0.438
0.0 0.044
0.0 0.074
0.0 0.000
0.0 0.061
0.0 0.105
0.0 0.003
0.0 0.397
0.0 0.040
0.0 0.399
0.0 0.059
0.0 0.029
0.0 0.433
0.0 0.190
0.0 0.075
1.0 0.205
0.0 0.000
0.0 0.101
0.0 0.049
0.0 0.014
0.0 0.000
0.0 0.000
0.0 0.029
0.0 0.468
0.0 0.000
0.0 0.253
0.0 0.057
1.0 0.028
1.0 0.552
0.0 0.000
0.0 0.056
0.0 0.046
0.0 0.319
0.0 0.028
0.0 0.023
0.0 0.222
0.0 0.025
0.0 0.202
0.0 0.058
0.0 0.162
0.0 0.055
0.0 0.000
0.0 0.206
0.0 0.028
0.0 0.035
0.0 0.000
0.0 0.052
0.0 0.065
1.0 0.265
1.0 0.453
0.0 0.027
0.0 0.155
0.0 0.016
0.0 0.024
0.0 0.052
0.0 0.177
1.0 0.499
0.0 0.000
0.0 0.154
0.0 0.095
0.0 0.049
0.0 0.236
0.0 0.019
0.0 0.006
0.0 0.368
1.0 0.213
0.0 0.097
0.0 0.000
0.0 0.040
0.0 0.026
0.0 0.090
0.0 0.190
1.0 0.162
1.0 0.253
0.0 0.000
0.0 0.400
0.0 0.138
1.0 0.212
0.0 0.081
0.0 0.220
0.0 0.087
0.0 0.023
0.0 0.102
0.0 0.101
0.0 0.403
0.0 0.093
0.0 0.205
0.0 0.060
0.0 0.000
0.0 0.078
0.0 0.030
0.0 0.158
0.0 0.364
0.0 0.076
0.0 0.372
0.0 0.138
0.0 0.225
0.0 0.000
0.0 0.000
0.0 0.007
0.0 0.075
0.0 0.018
0.0 0.051
0.0 0.033
0.0 0.144
0.0 0.207
0.0 0.365
0.0 0.065
0.0 0.000
0.0 0.011
0.0 0.039
1.0 0.198
0.0 0.124
1.0 0.316
0.0 0.417
1.0 0.211
0.0 0.211
0.0 0.262
0.0 0.171
0.0 0.003
0.0 0.208
0.0 0.182
0.0 0.051
0.0 0.174
0.0 0.054
0.0 0.133
1.0 0.318
0.0 0.035
0.0 0.142
0.0 0.241
0.0 0.034
0.0 0.103
0.0 0.025
0.0 0.031
0.0 0.000
0.0 0.039
0.0 0.222
0.0 0.215
0.0 0.000
0.0 0.000
0.0 0.127
0.0 0.020
0.0 0.000
0.0 0.103
1.0 0.329
0.0 0.046
0.0 0.333
0.0 0.023
0.0 0.068
0.0 0.000
0.0 0.014
0.0 0.066
0.0 0.171
0.0 0.022
0.0 0.025
1.0 0.322
0.0 0.063
0.0 0.000
0.0 0.206
0.0 0.022
0.0 0.196
0.0 0.161
0.0 0.193
0.0 0.018
0.0 0.053
1.0 0.506
0.0 0.355
0.0 0.078
0.0 0.444
0.0 0.008
0.0 0.000
0.0 0.191
0.0 0.462
0.0 0.025
1.0 0.288
0.0 0.061
1.0 0.353
0.0 0.489
0.0 0.027
0.0 0.047
0.0 0.000
0.0 0.092
0.0 0.044
0.0 0.041
0.0 0.042
0.0 0.021
1.0 0.198
0.0 0.051
0.0 0.107
0.0 0.091
0.0 0.115
0.0 0.000
0.0 0.102
0.0 0.062
1.0 0.508
1.0 0.386
0.0 0.281
0.0 0.097
0.0 0.079
0.0 0.434
0.0 0.242
0.0 0.000
0.0 0.015
0.0 0.209
0.0 0.094
0.0 0.000
0.0 0.227
0.0 0.000
0.0 0.042
0.0 0.236
1.0 0.233
1.0 0.008
0.0 0.000
0.0 0.000
0.0 0.499
0.0 0.169
1.0 0.494
0.0 0.267
0.0 0.000
0.0 0.382
0.0 0.145
0.0 0.000
0.0 0.132
0.0 0.000
0.0 0.162
0.0 0.003
0.0 0.428
1.0 0.468
0.0 0.053
0.0 0.301
1.0 0.368
0.0 0.000
0.0 0.044
0.0 0.000
0.0 0.022
0.0 0.000
0.0 0.200
0.0 0.202
0.0 0.513
0.0 0.190
0.0 0.004
0.0 0.000
0.0 0.035
0.0 0.062
0.0 0.365
0.0 0.044
0.0 0.019
0.0 0.037
0.0 0.065
0.0 0.076
