0.0 0.135
0.0 0.121
0.0 0.289
0.0 0.263
0.0 0.141
0.0 0.074
0.0 0.430
0.0 0.083
0.0 0.222
0.0 0.147
0.0 0.174
0.0 0.377
0.0 0.095
0.0 0.159
0.0 0.314
0.0 0.078
0.0 0.524
0.0 0.137
0.0 0.167
0.0 0.074
0.0 0.221
0.0 0.143
0.0 0.199
0.0 0.403
0.0 0.079
0.0 0.078
0.0 0.149
0.0 0.241
0.0 0.155
0.0 0.430
0.0 0.082
0.0 0.156
0.0 0.114
0.0 0.103
0.0 0.414
0.0 0.114
0.0 0.090
0.0 0.113
0.0 0.082
0.0 0.101
0.0 0.341
0.0 0.124
0.0 0.140
0.0 0.084
0.0 0.056
0.0 0.093
0.0 0.137
0.0 0.060
0.0 0.363
0.0 0.149
0.0 0.146
0.0 0.140
0.0 0.071
0.0 0.351
0.0 0.097
0.0 0.157
0.0 0.090
0.0 0.068
0.0 0.073
0.0 0.188
0.0 0.114
0.0 0.224
0.0 0.188
0.0 0.111
0.0 0.083
1.0 0.440
1.0 0.654
1.0 0.358
1.0 0.275
1.0 0.612
1.0 0.368
1.0 0.324
1.0 0.797
1.0 0.146
1.0 0.275
1.0 0.705
1.0 0.647
1.0 0.641
1.0 0.814
1.0 0.637
1.0 0.247
1.0 0.814
1.0 0.421
1.0 0.616
1.0 0.238
1.0 0.212
1.0 0.784
1.0 0.772
1.0 0.497
1.0 0.707
1.0 0.361
1.0 0.802
1.0 0.816
1.0 0.202
1.0 0.764
1.0 0.513
1.0 0.501
1.0 0.719
1.0 0.689
1.0 0.821
1.0 0.475
1.0 0.409
1.0 0.761
1.0 0.635
1.0 0.411
1.0 0.242
1.0 0.623
1.0 0.871
1.0 0.400
1.0 0.384
1.0 0.825
1.0 0.776
1.0 0.800
1.0 0.245
1.0 0.797
1.0 0.697
1.0 0.449
1.0 0.847
1.0 0.144
1.0 0.813
1.0 0.728
1.0 0.303
1.0 0.884
1.0 0.797
1.0 0.575
1.0 0.355
1.0 0.849
1.0 0.786
1.0 0.343
1.0 0.839
1.0 0.862
1.0 0.714
