0.0 0.266
0.0 0.160
0.0 0.282
0.0 0.311
0.0 0.183
0.0 0.183
0.0 0.367
0.0 0.338
0.0 0.173
0.0 0.183
0.0 0.670
0.0 0.752
0.0 0.694
0.0 0.175
0.0 0.831
0.0 0.148
0.0 0.937
0.0 0.523
0.0 0.143
0.0 0.115
0.0 0.709
0.0 0.261
0.0 0.238
0.0 0.441
0.0 0.311
0.0 0.469
0.0 0.198
0.0 0.163
0.0 0.239
0.0 0.939
0.0 0.275
0.0 0.200
0.0 0.251
0.0 0.222
0.0 0.955
0.0 0.202
0.0 0.211
0.0 0.206
0.0 0.468
0.0 0.312
0.0 0.270
0.0 0.181
0.0 0.114
0.0 0.352
0.0 0.070
0.0 0.190
0.0 0.140
0.0 0.230
0.0 0.536
0.0 0.251
0.0 0.090
0.0 0.390
0.0 0.189
0.0 0.433
0.0 0.461
0.0 0.168
0.0 0.161
0.0 0.312
0.0 0.200
0.0 0.222
0.0 0.215
0.0 0.113
0.0 0.294
0.0 0.195
0.0 0.230
1.0 0.881
1.0 0.495
1.0 0.832
1.0 0.639
1.0 0.976
1.0 0.923
1.0 0.930
1.0 0.966
1.0 0.141
1.0 0.787
1.0 0.976
1.0 0.956
1.0 0.918
1.0 0.954
1.0 0.965
1.0 0.224
1.0 0.928
1.0 0.657
1.0 0.848
1.0 0.666
1.0 0.923
1.0 0.942
1.0 0.937
1.0 0.945
1.0 0.918
1.0 0.636
1.0 0.958
1.0 0.950
1.0 0.350
1.0 0.923
1.0 0.928
1.0 0.885
1.0 0.919
1.0 0.972
1.0 0.971
1.0 0.908
1.0 0.466
1.0 0.664
1.0 0.932
1.0 0.858
1.0 0.364
1.0 0.953
1.0 0.998
1.0 0.974
1.0 0.717
1.0 0.995
1.0 0.972
1.0 0.998
1.0 0.606
1.0 0.984
1.0 0.722
1.0 0.978
1.0 0.998
1.0 0.295
1.0 0.957
1.0 0.878
1.0 0.943
1.0 0.993
1.0 0.940
1.0 0.397
1.0 0.935
1.0 0.980
1.0 0.987
1.0 0.725
1.0 0.968
1.0 0.989
1.0 0.979
