0.0 0.040
0.0 0.013
0.0 0.078
0.0 0.200
0.0 0.051
0.0 0.019
0.0 0.196
0.0 0.039
0.0 0.110
0.0 0.102
0.0 0.186
0.0 0.276
0.0 0.071
0.0 0.077
0.0 0.337
0.0 0.088
0.0 0.512
0.0 0.108
0.0 0.009
0.0 0.011
0.0 0.062
0.0 0.017
0.0 0.067
0.0 0.124
0.0 0.150
0.0 0.023
0.0 0.069
0.0 0.013
0.0 0.031
0.0 0.235
0.0 0.011
0.0 0.037
0.0 0.048
0.0 0.071
0.0 0.385
0.0 0.030
0.0 0.014
0.0 0.071
0.0 0.054
0.0 0.018
0.0 0.053
0.0 0.133
0.0 0.024
0.0 0.075
0.0 0.015
0.0 0.014
0.0 0.019
0.0 0.028
0.0 0.169
0.0 0.058
0.0 0.019
0.0 0.094
0.0 0.019
0.0 0.162
0.0 0.029
0.0 0.021
0.0 0.033
0.0 0.049
0.0 0.030
0.0 0.027
0.0 0.040
0.0 0.013
0.0 0.077
0.0 0.034
0.0 0.033
1.0 0.160
1.0 0.391
1.0 0.122
1.0 0.399
1.0 0.737
1.0 0.638
1.0 0.257
1.0 0.789
1.0 0.029
1.0 0.183
1.0 0.884
1.0 0.609
1.0 0.522
1.0 0.556
1.0 0.850
1.0 0.073
1.0 0.777
1.0 0.129
1.0 0.745
1.0 0.119
1.0 0.666
1.0 0.828
1.0 0.845
1.0 0.508
1.0 0.863
1.0 0.191
1.0 0.645
1.0 0.849
1.0 0.174
1.0 0.935
1.0 0.619
1.0 0.569
1.0 0.674
1.0 0.836
1.0 0.856
1.0 0.418
1.0 0.182
1.0 0.510
1.0 0.553
1.0 0.418
1.0 0.105
1.0 0.329
1.0 0.976
1.0 0.455
1.0 0.115
1.0 0.804
1.0 0.835
1.0 0.954
1.0 0.245
1.0 0.807
1.0 0.536
1.0 0.739
1.0 0.969
1.0 0.033
1.0 0.891
1.0 0.765
1.0 0.465
1.0 0.968
1.0 0.952
1.0 0.121
1.0 0.270
1.0 0.913
1.0 0.781
1.0 0.281
1.0 0.959
1.0 0.904
1.0 0.888
