0.0 0.000
0.0 0.000
0.0 0.003
0.0 0.000
0.0 0.000
0.0 0.000
0.0 0.000
0.0 0.000
0.0 0.000
0.0 0.000
0.0 0.000
0.0 0.002
0.0 0.006
0.0 0.000
0.0 0.000
0.0 0.000
0.0 0.043
0.0 0.000
0.0 0.000
0.0 0.000
0.0 0.000
0.0 0.000
0.0 0.000
0.0 0.001
0.0 0.008
0.0 0.001
0.0 0.028
0.0 0.000
0.0 0.003
0.0 0.060
0.0 0.000
0.0 0.004
0.0 0.001
0.0 0.036
0.0 0.073
0.0 0.000
0.0 0.000
0.0 0.000
0.0 0.000
0.0 0.000
0.0 0.001
0.0 0.000
0.0 0.000
0.0 0.003
0.0 0.000
0.0 0.000
0.0 0.000
0.0 0.006
0.0 0.000
0.0 0.012
0.0 0.000
0.0 0.030
0.0 0.000
0.0 0.000
0.0 0.000
0.0 0.000
0.0 0.001
0.0 0.000
0.0 0.000
0.0 0.000
0.0 0.001
0.0 0.000
0.0 0.000
0.0 0.000
0.0 0.000
1.0 0.990
1.0 0.325
1.0 0.885
1.0 0.795
1.0 0.994
1.0 0.567
1.0 0.993
1.0 0.989
1.0 0.006
1.0 0.981
1.0 0.997
1.0 0.822
1.0 0.986
1.0 0.249
1.0 0.999
1.0 0.011
1.0 0.990
1.0 0.120
1.0 0.971
1.0 0.673
1.0 0.991
1.0 0.994
1.0 0.989
1.0 0.979
1.0 0.987
1.0 0.655
1.0 0.877
1.0 0.992
1.0 0.010
1.0 0.999
1.0 0.965
1.0 0.850
1.0 0.997
1.0 0.999
1.0 0.993
1.0 0.364
1.0 0.000
1.0 0.043
1.0 0.996
1.0 0.991
1.0 0.006
1.0 0.990
1.0 0.999
1.0 0.993
1.0 0.977
1.0 0.732
1.0 0.999
1.0 0.998
1.0 0.943
1.0 0.990
1.0 0.046
1.0 0.996
1.0 0.998
1.0 0.284
1.0 0.995
1.0 0.903
1.0 0.023
1.0 0.999
1.0 0.994
1.0 0.019
1.0 0.984
1.0 0.997
1.0 0.998
1.0 0.553
1.0 0.999
1.0 0.999
1.0 0.998
