1.0 0.299
0.0 0.103
0.0 0.121
0.0 0.109
1.0 0.308
1.0 0.298
0.0 0.159
1.0 0.190
0.0 0.108
0.0 0.130
0.0 0.105
0.0 0.098
0.0 0.142
0.0 0.153
0.0 0.116
0.0 0.115
1.0 0.592
1.0 0.288
0.0 0.308
0.0 0.118
0.0 0.205
0.0 0.166
0.0 0.092
1.0 0.348
1.0 0.297
0.0 0.214
0.0 0.102
0.0 0.118
0.0 0.166
0.0 0.127
0.0 0.148
0.0 0.109
0.0 0.196
0.0 0.103
0.0 0.118
0.0 0.123
0.0 0.103
0.0 0.345
0.0 0.194
0.0 0.255
0.0 0.160
0.0 0.131
0.0 0.128
0.0 0.183
0.0 0.102
0.0 0.107
1.0 0.322
0.0 0.189
1.0 0.297
0.0 0.125
0.0 0.106
0.0 0.119
0.0 0.142
0.0 0.146
1.0 0.248
0.0 0.142
0.0 0.091
0.0 0.111
0.0 0.303
0.0 0.299
0.0 0.123
1.0 0.299
0.0 0.143
0.0 0.134
1.0 0.298
0.0 0.141
0.0 0.098
0.0 0.128
0.0 0.113
0.0 0.117
1.0 0.340
1.0 0.300
0.0 0.128
0.0 0.381
1.0 0.261
0.0 0.140
1.0 0.271
0.0 0.095
0.0 0.432
1.0 0.326
1.0 0.193
0.0 0.133
0.0 0.112
1.0 0.436
0.0 0.110
0.0 0.205
0.0 0.128
0.0 0.135
1.0 0.347
0.0 0.127
0.0 0.169
0.0 0.122
1.0 0.183
0.0 0.119
0.0 0.107
0.0 0.133
0.0 0.111
0.0 0.159
0.0 0.165
0.0 0.302
0.0 0.124
0.0 0.115
0.0 0.101
0.0 0.148
0.0 0.114
1.0 0.203
0.0 0.156
0.0 0.108
0.0 0.190
0.0 0.111
0.0 0.135
1.0 0.358
0.0 0.104
0.0 0.116
1.0 0.222
1.0 0.156
0.0 0.141
0.0 0.106
1.0 0.467
1.0 0.434
0.0 0.178
0.0 0.115
0.0 0.123
0.0 0.117
0.0 0.106
1.0 0.132
0.0 0.136
0.0 0.192
0.0 0.138
0.0 0.117
1.0 0.304
0.0 0.167
0.0 0.137
0.0 0.106
0.0 0.122
1.0 0.257
1.0 0.153
0.0 0.167
0.0 0.195
1.0 0.218
0.0 0.124
0.0 0.114
0.0 0.318
0.0 0.132
1.0 0.237
0.0 0.137
0.0 0.109
0.0 0.130
0.0 0.106
0.0 0.104
0.0 0.103
0.0 0.139
0.0 0.115
0.0 0.207
0.0 0.190
0.0 0.115
0.0 0.118
0.0 0.169
1.0 0.301
0.0 0.093
0.0 0.144
1.0 0.250
0.0 0.125
0.0 0.109
0.0 0.195
0.0 0.110
0.0 0.100
0.0 0.137
0.0 0.105
1.0 0.299
0.0 0.132
0.0 0.115
0.0 0.107
1.0 0.303
0.0 0.108
0.0 0.203
0.0 0.131
0.0 0.299
0.0 0.111
1.0 0.292
1.0 0.234
0.0 0.170
0.0 0.129
1.0 0.536
0.0 0.110
0.0 0.346
0.0 0.107
0.0 0.145
0.0 0.176
1.0 0.299
0.0 0.116
0.0 0.138
0.0 0.141
0.0 0.226
0.0 0.151
1.0 0.300
0.0 0.128
0.0 0.159
1.0 0.290
0.0 0.112
0.0 0.115
0.0 0.165
1.0 0.273
0.0 0.173
1.0 0.303
0.0 0.130
0.0 0.170
0.0 0.112
0.0 0.101
0.0 0.103
1.0 0.209
0.0 0.168
1.0 0.241
0.0 0.137
0.0 0.107
1.0 0.153
0.0 0.135
0.0 0.114
0.0 0.125
0.0 0.108
0.0 0.139
0.0 0.142
0.0 0.110
0.0 0.112
0.0 0.123
0.0 0.125
0.0 0.154
0.0 0.126
0.0 0.132
1.0 0.193
1.0 0.376
0.0 0.121
0.0 0.160
0.0 0.151
0.0 0.139
1.0 0.295
0.0 0.108
0.0 0.120
1.0 0.301
0.0 0.100
0.0 0.280
0.0 0.156
1.0 0.381
0.0 0.113
0.0 0.112
1.0 0.300
0.0 0.106
0.0 0.139
1.0 0.268
1.0 0.222
0.0 0.151
0.0 0.134
0.0 0.149
0.0 0.146
1.0 0.303
0.0 0.158
1.0 0.161
0.0 0.122
0.0 0.101
0.0 0.115
0.0 0.130
0.0 0.120
0.0 0.127
0.0 0.110
0.0 0.107
1.0 0.222
0.0 0.132
0.0 0.166
0.0 0.107
0.0 0.137
1.0 0.124
0.0 0.099
0.0 0.134
0.0 0.110
0.0 0.104
0.0 0.136
1.0 0.165
1.0 0.189
0.0 0.093
1.0 0.184
0.0 0.129
0.0 0.114
0.0 0.120
0.0 0.188
1.0 0.300
0.0 0.253
0.0 0.129
1.0 0.326
1.0 0.295
1.0 0.312
0.0 0.113
0.0 0.295
0.0 0.106
0.0 0.207
0.0 0.302
0.0 0.154
1.0 0.302
0.0 0.114
0.0 0.298
0.0 0.162
0.0 0.111
0.0 0.129
0.0 0.154
0.0 0.139
1.0 0.183
0.0 0.216
0.0 0.349
0.0 0.247
0.0 0.123
0.0 0.111
1.0 0.219
1.0 0.201
0.0 0.104
0.0 0.299
0.0 0.096
0.0 0.119
1.0 0.286
0.0 0.140
0.0 0.111
0.0 0.103
0.0 0.124
0.0 0.127
1.0 0.304
1.0 0.265
0.0 0.154
0.0 0.120
0.0 0.300
1.0 0.275
0.0 0.203
1.0 0.196
0.0 0.128
0.0 0.114
1.0 0.247
1.0 0.222
0.0 0.153
0.0 0.162
0.0 0.122
0.0 0.418
0.0 0.166
0.0 0.122
0.0 0.124
0.0 0.125
0.0 0.298
0.0 0.113
0.0 0.116
0.0 0.142
0.0 0.139
0.0 0.109
0.0 0.125
0.0 0.111
0.0 0.155
0.0 0.144
0.0 0.106
0.0 0.111
0.0 0.128
0.0 0.096
1.0 0.299
0.0 0.156
1.0 0.299
0.0 0.232
0.0 0.100
0.0 0.102
0.0 0.120
1.0 0.303
1.0 0.294
0.0 0.125
0.0 0.122
0.0 0.103
0.0 0.143
0.0 0.379
0.0 0.147
0.0 0.123
0.0 0.142
0.0 0.129
0.0 0.154
0.0 0.111
0.0 0.302
0.0 0.162
0.0 0.125
0.0 0.124
0.0 0.229
0.0 0.199
1.0 0.154
0.0 0.115
1.0 0.241
0.0 0.115
0.0 0.121
0.0 0.127
0.0 0.123
1.0 0.262
0.0 0.106
1.0 0.152
0.0 0.125
0.0 0.150
0.0 0.109
1.0 0.169
0.0 0.107
0.0 0.114
1.0 0.206
0.0 0.300
0.0 0.100
0.0 0.163
0.0 0.146
1.0 0.302
0.0 0.170
0.0 0.112
0.0 0.428
0.0 0.115
1.0 0.300
0.0 0.133
0.0 0.112
0.0 0.398
1.0 0.235
0.0 0.131
0.0 0.110
0.0 0.122
0.0 0.115
0.0 0.111
0.0 0.105
0.0 0.106
0.0 0.103
0.0 0.104
1.0 0.213
0.0 0.173
0.0 0.096
0.0 0.155
0.0 0.099
0.0 0.105
0.0 0.140
0.0 0.129
1.0 0.122
0.0 0.132
1.0 0.423
0.0 0.160
0.0 0.145
1.0 0.182
0.0 0.121
0.0 0.261
1.0 0.195
0.0 0.132
1.0 0.138
1.0 0.301
0.0 0.134
0.0 0.106
1.0 0.162
0.0 0.135
1.0 0.399
0.0 0.238
0.0 0.101
0.0 0.104
0.0 0.093
0.0 0.299
0.0 0.113
1.0 0.199
0.0 0.106
0.0 0.119
0.0 0.138
0.0 0.103
0.0 0.144
1.0 0.300
1.0 0.302
1.0 0.301
0.0 0.126
0.0 0.130
0.0 0.100
0.0 0.112
0.0 0.121
0.0 0.321
0.0 0.201
0.0 0.154
0.0 0.118
0.0 0.118
0.0 0.155
0.0 0.161
0.0 0.153
0.0 0.245
1.0 0.303
0.0 0.108
0.0 0.140
0.0 0.129
0.0 0.113
0.0 0.109
1.0 0.227
0.0 0.112
0.0 0.181
0.0 0.103
0.0 0.160
0.0 0.297
1.0 0.353
0.0 0.101
0.0 0.171
0.0 0.215
0.0 0.104
1.0 0.312
1.0 0.294
0.0 0.107
0.0 0.182
0.0 0.244
0.0 0.123
0.0 0.121
1.0 0.304
0.0 0.129
0.0 0.152
0.0 0.298
0.0 0.119
0.0 0.109
0.0 0.106
1.0 0.298
0.0 0.128
1.0 0.301
0.0 0.110
1.0 0.302
0.0 0.170
0.0 0.114
0.0 0.113
0.0 0.168
0.0 0.098
0.0 0.100
0.0 0.119
0.0 0.105
0.0 0.110
0.0 0.110
1.0 0.204
0.0 0.153
0.0 0.098
1.0 0.197
0.0 0.160
0.0 0.127
0.0 0.147
0.0 0.104
1.0 0.300
1.0 0.306
0.0 0.205
1.0 0.304
0.0 0.304
0.0 0.198
1.0 0.119
0.0 0.200
0.0 0.118
0.0 0.110
0.0 0.117
0.0 0.144
1.0 0.301
0.0 0.098
0.0 0.108
0.0 0.103
0.0 0.103
0.0 0.281
0.0 0.194
0.0 0.107
0.0 0.301
0.0 0.098
0.0 0.128
0.0 0.285
0.0 0.151
0.0 0.129
1.0 0.359
0.0 0.140
0.0 0.158
0.0 0.145
0.0 0.130
0.0 0.112
0.0 0.114
0.0 0.174
1.0 0.249
0.0 0.177
0.0 0.093
0.0 0.145
0.0 0.102
0.0 0.122
0.0 0.150
1.0 0.191
0.0 0.123
0.0 0.293
0.0 0.115
0.0 0.175
0.0 0.178
1.0 0.303
0.0 0.206
0.0 0.156
1.0 0.252
0.0 0.118
0.0 0.104
0.0 0.118
0.0 0.112
0.0 0.182
0.0 0.139
0.0 0.133
1.0 0.334
0.0 0.151
0.0 0.280
0.0 0.117
0.0 0.175
0.0 0.157
0.0 0.165
0.0 0.124
0.0 0.131
1.0 0.293
1.0 0.269
1.0 0.299
0.0 0.115
0.0 0.139
0.0 0.121
0.0 0.162
0.0 0.103
0.0 0.168
0.0 0.114
0.0 0.174
0.0 0.096
1.0 0.238
0.0 0.299
0.0 0.112
0.0 0.140
0.0 0.104
0.0 0.114
1.0 0.182
1.0 0.394
0.0 0.196
0.0 0.123
0.0 0.108
0.0 0.116
0.0 0.118
1.0 0.327
0.0 0.189
0.0 0.299
0.0 0.101
1.0 0.348
0.0 0.154
0.0 0.188
0.0 0.108
0.0 0.115
0.0 0.118
0.0 0.093
0.0 0.105
0.0 0.134
0.0 0.351
0.0 0.112
0.0 0.302
0.0 0.107
0.0 0.120
0.0 0.142
0.0 0.115
0.0 0.117
0.0 0.092
0.0 0.111
0.0 0.131
0.0 0.118
0.0 0.116
0.0 0.106
0.0 0.136
0.0 0.300
0.0 0.156
0.0 0.138
0.0 0.104
0.0 0.177
1.0 0.222
0.0 0.139
1.0 0.199
0.0 0.087
0.0 0.101
0.0 0.133
1.0 0.167
1.0 0.256
0.0 0.176
0.0 0.150
0.0 0.111
0.0 0.113
0.0 0.120
0.0 0.138
1.0 0.344
0.0 0.114
0.0 0.139
1.0 0.207
0.0 0.179
0.0 0.152
1.0 0.150
1.0 0.367
0.0 0.122
0.0 0.168
0.0 0.166
0.0 0.136
0.0 0.133
0.0 0.143
0.0 0.136
1.0 0.207
0.0 0.109
0.0 0.125
0.0 0.115
0.0 0.179
1.0 0.306
0.0 0.117
1.0 0.360
0.0 0.112
0.0 0.138
0.0 0.176
0.0 0.147
0.0 0.181
1.0 0.250
0.0 0.300
0.0 0.181
0.0 0.182
0.0 0.130
0.0 0.135
0.0 0.131
0.0 0.113
0.0 0.393
0.0 0.116
1.0 0.253
0.0 0.128
0.0 0.303
0.0 0.125
1.0 0.227
0.0 0.095
0.0 0.126
0.0 0.118
0.0 0.094
1.0 0.300
0.0 0.118
0.0 0.094
0.0 0.115
0.0 0.118
0.0 0.112
0.0 0.155
0.0 0.126
1.0 0.242
0.0 0.157
1.0 0.227
0.0 0.300
0.0 0.133
0.0 0.136
0.0 0.126
0.0 0.183
1.0 0.298
1.0 0.304
0.0 0.098
0.0 0.300
0.0 0.106
0.0 0.099
0.0 0.111
1.0 0.301
0.0 0.122
0.0 0.158
0.0 0.117
0.0 0.124
0.0 0.109
0.0 0.302
0.0 0.142
0.0 0.118
0.0 0.122
0.0 0.101
0.0 0.156
1.0 0.111
0.0 0.112
1.0 0.234
0.0 0.180
1.0 0.183
1.0 0.225
1.0 0.169
0.0 0.318
0.0 0.267
0.0 0.138
0.0 0.109
0.0 0.103
1.0 0.300
0.0 0.099
0.0 0.150
0.0 0.110
0.0 0.094
1.0 0.266
1.0 0.300
1.0 0.357
0.0 0.112
1.0 0.310
0.0 0.106
0.0 0.162
0.0 0.123
0.0 0.138
0.0 0.168
0.0 0.119
0.0 0.117
0.0 0.152
0.0 0.119
0.0 0.105
0.0 0.211
0.0 0.299
0.0 0.117
0.0 0.169
0.0 0.113
0.0 0.100
0.0 0.109
0.0 0.211
0.0 0.188
0.0 0.115
1.0 0.305
0.0 0.200
0.0 0.146
1.0 0.192
0.0 0.109
0.0 0.149
0.0 0.114
1.0 0.302
0.0 0.103
0.0 0.157
0.0 0.253
1.0 0.302
0.0 0.127
0.0 0.111
0.0 0.135
0.0 0.172
0.0 0.190
1.0 0.169
1.0 0.299
1.0 0.270
0.0 0.106
0.0 0.108
0.0 0.132
0.0 0.139
0.0 0.126
1.0 0.179
1.0 0.261
0.0 0.106
0.0 0.123
0.0 0.163
0.0 0.299
0.0 0.296
1.0 0.247
0.0 0.113
0.0 0.136
0.0 0.118
1.0 0.301
1.0 0.400
0.0 0.153
0.0 0.148
0.0 0.119
0.0 0.125
0.0 0.172
0.0 0.103
0.0 0.114
1.0 0.200
0.0 0.122
0.0 0.103
0.0 0.108
0.0 0.114
0.0 0.135
1.0 0.390
0.0 0.118
0.0 0.116
0.0 0.117
0.0 0.111
1.0 0.250
1.0 0.244
0.0 0.108
0.0 0.107
1.0 0.286
0.0 0.120
0.0 0.109
0.0 0.112
0.0 0.115
1.0 0.147
1.0 0.249
0.0 0.103
0.0 0.118
0.0 0.118
1.0 0.246
0.0 0.110
0.0 0.114
0.0 0.114
0.0 0.175
0.0 0.105
0.0 0.134
0.0 0.133
0.0 0.107
1.0 0.296
0.0 0.104
0.0 0.131
1.0 0.231
0.0 0.139
1.0 0.486
0.0 0.114
0.0 0.103
1.0 0.342
1.0 0.200
1.0 0.247
0.0 0.131
0.0 0.168
0.0 0.125
1.0 0.117
0.0 0.109
0.0 0.177
0.0 0.157
0.0 0.178
1.0 0.307
0.0 0.126
1.0 0.248
0.0 0.100
0.0 0.120
0.0 0.126
0.0 0.128
1.0 0.292
1.0 0.239
0.0 0.165
1.0 0.303
0.0 0.114
0.0 0.122
0.0 0.141
1.0 0.411
0.0 0.151
1.0 0.299
0.0 0.167
0.0 0.112
1.0 0.278
1.0 0.253
0.0 0.150
1.0 0.300
1.0 0.274
0.0 0.131
0.0 0.153
0.0 0.145
1.0 0.105
0.0 0.301
1.0 0.302
0.0 0.103
0.0 0.109
0.0 0.111
0.0 0.109
0.0 0.102
0.0 0.102
0.0 0.191
0.0 0.095
0.0 0.132
0.0 0.243
0.0 0.095
1.0 0.176
0.0 0.102
1.0 0.139
0.0 0.124
0.0 0.194
0.0 0.128
0.0 0.101
0.0 0.118
1.0 0.236
0.0 0.130
0.0 0.133
0.0 0.186
0.0 0.130
0.0 0.114
0.0 0.109
0.0 0.176
0.0 0.146
0.0 0.120
0.0 0.134
0.0 0.115
0.0 0.226
0.0 0.148
0.0 0.180
0.0 0.092
0.0 0.127
0.0 0.106
0.0 0.231
0.0 0.241
0.0 0.117
0.0 0.121
0.0 0.179
1.0 0.383
0.0 0.131
0.0 0.130
0.0 0.088
1.0 0.366
0.0 0.139
0.0 0.115
1.0 0.219
0.0 0.116
0.0 0.116
0.0 0.112
0.0 0.301
0.0 0.114
1.0 0.215
0.0 0.103
0.0 0.128
0.0 0.120
0.0 0.117
0.0 0.129
0.0 0.111
1.0 0.301
0.0 0.163
0.0 0.131
0.0 0.126
0.0 0.116
0.0 0.190
0.0 0.136
0.0 0.110
0.0 0.342
0.0 0.164
0.0 0.135
0.0 0.137
0.0 0.252
0.0 0.125
0.0 0.249
0.0 0.173
0.0 0.173
0.0 0.121
0.0 0.120
0.0 0.124
0.0 0.221
0.0 0.129
0.0 0.109
0.0 0.112
1.0 0.203
0.0 0.115
0.0 0.113
0.0 0.175
0.0 0.179
0.0 0.168
0.0 0.190
1.0 0.233
0.0 0.126
0.0 0.204
0.0 0.195
0.0 0.394
0.0 0.139
0.0 0.120
0.0 0.140
0.0 0.110
0.0 0.120
0.0 0.103
0.0 0.298
1.0 0.259
0.0 0.146
0.0 0.105
0.0 0.135
1.0 0.204
0.0 0.180
1.0 0.469
0.0 0.097
0.0 0.108
0.0 0.102
0.0 0.134
0.0 0.117
0.0 0.137
1.0 0.300
1.0 0.298
1.0 0.302
0.0 0.122
0.0 0.126
1.0 0.301
1.0 0.302
0.0 0.209
0.0 0.116
0.0 0.115
0.0 0.111
0.0 0.208
0.0 0.181
0.0 0.160
0.0 0.133
0.0 0.148
0.0 0.118
0.0 0.119
1.0 0.297
1.0 0.196
0.0 0.109
0.0 0.131
0.0 0.182
0.0 0.111
0.0 0.093
0.0 0.110
0.0 0.166
0.0 0.139
0.0 0.119
1.0 0.399
0.0 0.261
1.0 0.298
0.0 0.107
0.0 0.133
0.0 0.109
0.0 0.105
1.0 0.167
1.0 0.208
0.0 0.141
0.0 0.108
0.0 0.172
0.0 0.436
0.0 0.122
0.0 0.126
1.0 0.302
0.0 0.155
0.0 0.187
0.0 0.301
0.0 0.116
0.0 0.166
0.0 0.133
0.0 0.132
1.0 0.192
1.0 0.208
0.0 0.122
1.0 0.214
1.0 0.301
0.0 0.124
1.0 0.231
0.0 0.299
1.0 0.302
0.0 0.114
0.0 0.101
0.0 0.297
0.0 0.105
0.0 0.148
0.0 0.106
0.0 0.104
1.0 0.299
0.0 0.180
0.0 0.101
0.0 0.184
0.0 0.109
1.0 0.251
0.0 0.105
0.0 0.155
0.0 0.299
0.0 0.339
0.0 0.107
0.0 0.099
0.0 0.110
0.0 0.120
0.0 0.131
0.0 0.135
1.0 0.341
0.0 0.108
0.0 0.145
1.0 0.237
0.0 0.153
1.0 0.236
0.0 0.115
0.0 0.142
1.0 0.184
1.0 0.299
0.0 0.145
1.0 0.301
1.0 0.474
0.0 0.138
0.0 0.133
0.0 0.201
0.0 0.242
0.0 0.113
0.0 0.118
0.0 0.119
0.0 0.110
0.0 0.127
0.0 0.129
1.0 0.196
0.0 0.140
0.0 0.097
0.0 0.160
0.0 0.102
0.0 0.152
0.0 0.154
1.0 0.300
0.0 0.105
1.0 0.185
1.0 0.261
1.0 0.230
0.0 0.124
0.0 0.098
0.0 0.186
0.0 0.333
1.0 0.184
1.0 0.253
0.0 0.301
0.0 0.115
0.0 0.181
0.0 0.119
0.0 0.182
0.0 0.132
0.0 0.100
0.0 0.295
1.0 0.300
0.0 0.162
0.0 0.304
0.0 0.176
0.0 0.127
0.0 0.123
1.0 0.205
0.0 0.112
0.0 0.153
0.0 0.140
0.0 0.151
0.0 0.126
0.0 0.116
1.0 0.224
0.0 0.123
0.0 0.101
0.0 0.136
1.0 0.319
0.0 0.212
0.0 0.122
0.0 0.154
0.0 0.134
0.0 0.099
0.0 0.236
0.0 0.159
0.0 0.118
0.0 0.143
0.0 0.172
0.0 0.438
0.0 0.120
0.0 0.107
0.0 0.120
0.0 0.179
0.0 0.162
1.0 0.298
0.0 0.122
0.0 0.122
0.0 0.128
1.0 0.301
0.0 0.122
0.0 0.148
0.0 0.118
1.0 0.210
0.0 0.303
0.0 0.109
0.0 0.114
1.0 0.299
0.0 0.126
0.0 0.116
0.0 0.117
0.0 0.108
0.0 0.131
0.0 0.154
0.0 0.167
0.0 0.108
1.0 0.350
0.0 0.185
0.0 0.132
0.0 0.138
0.0 0.158
0.0 0.302
1.0 0.186
0.0 0.102
0.0 0.104
0.0 0.101
0.0 0.124
0.0 0.100
1.0 0.181
0.0 0.130
0.0 0.102
0.0 0.096
1.0 0.305
1.0 0.301
1.0 0.301
0.0 0.112
0.0 0.092
0.0 0.152
0.0 0.190
0.0 0.166
0.0 0.104
0.0 0.131
0.0 0.175
0.0 0.122
0.0 0.106
0.0 0.299
0.0 0.136
0.0 0.124
0.0 0.214
0.0 0.145
0.0 0.176
0.0 0.116
0.0 0.128
0.0 0.198
0.0 0.165
0.0 0.158
0.0 0.135
1.0 0.303
0.0 0.123
0.0 0.150
0.0 0.108
0.0 0.150
0.0 0.302
0.0 0.111
0.0 0.112
0.0 0.166
0.0 0.127
1.0 0.185
0.0 0.143
0.0 0.147
1.0 0.223
0.0 0.300
0.0 0.167
0.0 0.115
1.0 0.390
0.0 0.128
0.0 0.101
0.0 0.308
0.0 0.118
1.0 0.300
1.0 0.180
0.0 0.104
1.0 0.257
1.0 0.231
0.0 0.118
1.0 0.387
0.0 0.112
0.0 0.143
0.0 0.112
1.0 0.249
0.0 0.093
0.0 0.134
0.0 0.108
0.0 0.118
0.0 0.153
0.0 0.295
0.0 0.178
0.0 0.102
1.0 0.152
0.0 0.159
0.0 0.101
1.0 0.224
1.0 0.418
1.0 0.305
0.0 0.120
1.0 0.273
1.0 0.201
0.0 0.149
0.0 0.127
0.0 0.149
0.0 0.114
0.0 0.132
0.0 0.186
0.0 0.104
0.0 0.185
0.0 0.108
0.0 0.178
0.0 0.142
0.0 0.197
0.0 0.152
0.0 0.103
0.0 0.150
0.0 0.145
0.0 0.187
0.0 0.151
1.0 0.298
1.0 0.140
0.0 0.107
1.0 0.204
0.0 0.230
1.0 0.302
1.0 0.303
0.0 0.100
1.0 0.209
0.0 0.112
0.0 0.131
0.0 0.130
0.0 0.105
0.0 0.217
0.0 0.166
0.0 0.112
0.0 0.182
0.0 0.091
0.0 0.127
1.0 0.299
1.0 0.194
0.0 0.139
0.0 0.112
0.0 0.097
0.0 0.117
1.0 0.297
0.0 0.110
0.0 0.103
0.0 0.122
0.0 0.227
0.0 0.108
1.0 0.300
0.0 0.160
0.0 0.109
0.0 0.144
0.0 0.121
0.0 0.139
0.0 0.160
0.0 0.304
0.0 0.182
1.0 0.298
0.0 0.128
1.0 0.243
0.0 0.192
0.0 0.160
0.0 0.113
0.0 0.108
0.0 0.240
0.0 0.136
1.0 0.218
1.0 0.299
0.0 0.140
0.0 0.110
0.0 0.142
0.0 0.104
0.0 0.111
0.0 0.119
0.0 0.153
0.0 0.140
1.0 0.159
0.0 0.129
0.0 0.115
0.0 0.103
0.0 0.122
0.0 0.144
0.0 0.195
0.0 0.155
0.0 0.118
1.0 0.303
0.0 0.117
0.0 0.136
0.0 0.127
0.0 0.103
1.0 0.241
1.0 0.304
1.0 0.176
0.0 0.124
0.0 0.099
0.0 0.156
0.0 0.101
1.0 0.297
0.0 0.142
1.0 0.297
0.0 0.125
0.0 0.135
0.0 0.112
0.0 0.163
0.0 0.133
1.0 0.236
0.0 0.130
0.0 0.189
0.0 0.132
0.0 0.131
1.0 0.208
0.0 0.164
0.0 0.133
0.0 0.112
0.0 0.112
0.0 0.107
0.0 0.120
1.0 0.294
0.0 0.108
0.0 0.123
0.0 0.128
0.0 0.110
0.0 0.123
0.0 0.097
1.0 0.184
0.0 0.123
1.0 0.363
0.0 0.115
0.0 0.202
0.0 0.114
0.0 0.182
0.0 0.122
0.0 0.195
0.0 0.146
0.0 0.302
0.0 0.103
0.0 0.160
1.0 0.164
0.0 0.105
0.0 0.118
0.0 0.248
1.0 0.225
0.0 0.118
0.0 0.299
0.0 0.122
0.0 0.108
0.0 0.105
0.0 0.147
0.0 0.106
0.0 0.104
0.0 0.105
0.0 0.182
0.0 0.121
0.0 0.124
0.0 0.185
0.0 0.144
0.0 0.109
0.0 0.349
0.0 0.116
0.0 0.134
0.0 0.120
0.0 0.128
0.0 0.159
0.0 0.266
0.0 0.161
0.0 0.123
0.0 0.105
0.0 0.131
0.0 0.170
1.0 0.297
0.0 0.145
0.0 0.112
0.0 0.115
0.0 0.109
0.0 0.155
0.0 0.140
0.0 0.138
1.0 0.410
0.0 0.113
1.0 0.235
0.0 0.117
0.0 0.111
0.0 0.158
1.0 0.228
0.0 0.114
0.0 0.147
0.0 0.210
0.0 0.129
1.0 0.113
0.0 0.154
0.0 0.118
0.0 0.097
0.0 0.101
0.0 0.152
0.0 0.157
0.0 0.153
0.0 0.130
0.0 0.096
0.0 0.101
0.0 0.170
0.0 0.118
0.0 0.129
0.0 0.201
0.0 0.190
0.0 0.098
1.0 0.235
0.0 0.115
0.0 0.125
0.0 0.119
0.0 0.302
0.0 0.100
0.0 0.298
0.0 0.183
1.0 0.387
1.0 0.314
0.0 0.153
0.0 0.120
1.0 0.302
0.0 0.136
1.0 0.209
0.0 0.157
0.0 0.232
0.0 0.112
0.0 0.123
0.0 0.134
0.0 0.163
1.0 0.155
0.0 0.151
0.0 0.099
1.0 0.174
0.0 0.141
0.0 0.113
0.0 0.097
0.0 0.172
1.0 0.298
0.0 0.145
0.0 0.128
0.0 0.170
0.0 0.145
0.0 0.104
0.0 0.131
0.0 0.142
0.0 0.125
0.0 0.298
0.0 0.107
0.0 0.132
0.0 0.122
0.0 0.129
0.0 0.100
0.0 0.169
0.0 0.185
0.0 0.117
0.0 0.116
0.0 0.106
0.0 0.140
0.0 0.132
1.0 0.139
0.0 0.120
0.0 0.114
0.0 0.355
0.0 0.131
0.0 0.224
1.0 0.298
0.0 0.121
0.0 0.123
1.0 0.423
0.0 0.108
0.0 0.170
1.0 0.226
0.0 0.112
0.0 0.117
0.0 0.115
0.0 0.103
0.0 0.108
0.0 0.132
0.0 0.169
1.0 0.286
1.0 0.358
1.0 0.301
1.0 0.225
1.0 0.168
0.0 0.124
0.0 0.118
0.0 0.242
0.0 0.121
0.0 0.116
0.0 0.157
0.0 0.122
0.0 0.133
0.0 0.214
1.0 0.189
0.0 0.134
1.0 0.227
1.0 0.303
1.0 0.252
0.0 0.119
0.0 0.119
0.0 0.094
0.0 0.159
0.0 0.161
0.0 0.167
0.0 0.334
0.0 0.103
0.0 0.115
0.0 0.142
0.0 0.126
0.0 0.116
0.0 0.111
0.0 0.129
0.0 0.145
0.0 0.186
0.0 0.160
1.0 0.226
1.0 0.294
0.0 0.133
0.0 0.297
0.0 0.149
0.0 0.174
0.0 0.363
0.0 0.106
0.0 0.201
0.0 0.132
0.0 0.115
0.0 0.119
1.0 0.189
1.0 0.164
0.0 0.099
0.0 0.164
1.0 0.450
1.0 0.300
0.0 0.104
0.0 0.159
0.0 0.123
1.0 0.332
0.0 0.213
0.0 0.086
1.0 0.274
0.0 0.132
0.0 0.105
0.0 0.134
0.0 0.115
1.0 0.184
1.0 0.208
0.0 0.123
1.0 0.291
0.0 0.222
1.0 0.282
0.0 0.101
0.0 0.114
0.0 0.124
1.0 0.277
1.0 0.303
0.0 0.129
0.0 0.148
0.0 0.105
0.0 0.112
0.0 0.102
0.0 0.108
0.0 0.117
0.0 0.103
0.0 0.107
0.0 0.141
0.0 0.150
0.0 0.207
1.0 0.227
0.0 0.107
0.0 0.126
0.0 0.130
0.0 0.115
0.0 0.201
0.0 0.195
0.0 0.156
0.0 0.100
1.0 0.298
0.0 0.135
1.0 0.191
0.0 0.187
1.0 0.300
0.0 0.136
1.0 0.315
0.0 0.124
0.0 0.106
1.0 0.182
0.0 0.124
0.0 0.104
0.0 0.124
1.0 0.230
0.0 0.161
0.0 0.260
0.0 0.190
1.0 0.310
0.0 0.107
0.0 0.142
1.0 0.295
1.0 0.332
0.0 0.130
0.0 0.172
0.0 0.142
0.0 0.127
0.0 0.118
0.0 0.197
0.0 0.114
0.0 0.126
0.0 0.196
1.0 0.237
0.0 0.149
0.0 0.174
0.0 0.156
0.0 0.114
0.0 0.102
0.0 0.142
0.0 0.300
0.0 0.128
0.0 0.133
0.0 0.128
0.0 0.106
0.0 0.176
1.0 0.168
0.0 0.118
0.0 0.110
0.0 0.120
0.0 0.190
0.0 0.207
0.0 0.161
0.0 0.296
0.0 0.142
0.0 0.134
0.0 0.148
0.0 0.196
0.0 0.129
0.0 0.141
0.0 0.108
0.0 0.109
0.0 0.161
0.0 0.307
1.0 0.197
0.0 0.147
0.0 0.124
0.0 0.112
0.0 0.114
0.0 0.134
0.0 0.139
1.0 0.341
0.0 0.101
0.0 0.148
0.0 0.129
1.0 0.476
0.0 0.215
0.0 0.111
0.0 0.123
0.0 0.131
0.0 0.113
0.0 0.122
0.0 0.103
0.0 0.110
0.0 0.116
0.0 0.113
0.0 0.252
0.0 0.101
0.0 0.122
0.0 0.109
0.0 0.183
1.0 0.297
0.0 0.155
0.0 0.117
0.0 0.144
0.0 0.298
0.0 0.128
0.0 0.128
1.0 0.426
0.0 0.302
0.0 0.100
0.0 0.120
0.0 0.191
0.0 0.158
0.0 0.105
1.0 0.275
0.0 0.116
0.0 0.121
0.0 0.260
0.0 0.098
1.0 0.303
0.0 0.102
1.0 0.147
0.0 0.154
0.0 0.125
0.0 0.160
0.0 0.140
0.0 0.180
0.0 0.120
0.0 0.136
0.0 0.106
0.0 0.102
1.0 0.230
0.0 0.147
0.0 0.124
0.0 0.165
0.0 0.158
1.0 0.150
0.0 0.148
0.0 0.148
0.0 0.121
0.0 0.117
0.0 0.136
0.0 0.096
0.0 0.118
1.0 0.249
0.0 0.142
0.0 0.123
0.0 0.110
0.0 0.136
0.0 0.140
1.0 0.197
1.0 0.298
0.0 0.151
1.0 0.298
0.0 0.115
0.0 0.104
0.0 0.126
0.0 0.167
0.0 0.207
0.0 0.098
0.0 0.145
0.0 0.113
0.0 0.131
1.0 0.305
0.0 0.137
0.0 0.111
0.0 0.116
0.0 0.133
0.0 0.091
1.0 0.249
1.0 0.165
0.0 0.116
1.0 0.222
0.0 0.137
1.0 0.301
0.0 0.107
0.0 0.113
0.0 0.149
0.0 0.192
0.0 0.366
0.0 0.097
1.0 0.157
0.0 0.109
1.0 0.173
1.0 0.358
0.0 0.124
0.0 0.138
1.0 0.291
1.0 0.440
0.0 0.110
0.0 0.132
0.0 0.190
0.0 0.170
1.0 0.299
0.0 0.111
0.0 0.111
0.0 0.143
0.0 0.115
0.0 0.109
1.0 0.316
0.0 0.119
1.0 0.301
1.0 0.419
1.0 0.225
0.0 0.158
1.0 0.303
0.0 0.112
0.0 0.120
0.0 0.112
0.0 0.113
0.0 0.106
0.0 0.140
0.0 0.106
0.0 0.113
0.0 0.104
0.0 0.102
0.0 0.210
1.0 0.176
0.0 0.299
0.0 0.117
0.0 0.129
0.0 0.301
0.0 0.108
0.0 0.103
0.0 0.118
0.0 0.115
0.0 0.099
0.0 0.117
0.0 0.150
1.0 0.297
0.0 0.110
1.0 0.236
0.0 0.111
0.0 0.088
0.0 0.093
0.0 0.176
0.0 0.119
1.0 0.370
1.0 0.166
0.0 0.115
0.0 0.105
0.0 0.197
0.0 0.106
0.0 0.193
0.0 0.119
0.0 0.107
0.0 0.111
0.0 0.139
0.0 0.110
0.0 0.146
0.0 0.112
1.0 0.253
0.0 0.298
0.0 0.190
0.0 0.116
0.0 0.137
0.0 0.113
0.0 0.123
0.0 0.139
0.0 0.145
0.0 0.407
1.0 0.301
0.0 0.131
1.0 0.245
1.0 0.274
1.0 0.344
0.0 0.116
0.0 0.173
0.0 0.108
0.0 0.123
0.0 0.129
0.0 0.103
0.0 0.132
0.0 0.108
0.0 0.144
1.0 0.331
0.0 0.122
0.0 0.115
0.0 0.107
0.0 0.164
0.0 0.118
1.0 0.105
0.0 0.137
0.0 0.147
0.0 0.097
1.0 0.302
0.0 0.114
0.0 0.112
0.0 0.143
0.0 0.114
0.0 0.116
0.0 0.301
0.0 0.165
0.0 0.120
0.0 0.146
0.0 0.108
0.0 0.133
0.0 0.105
0.0 0.377
0.0 0.153
0.0 0.169
0.0 0.101
0.0 0.111
0.0 0.133
0.0 0.122
1.0 0.299
0.0 0.110
1.0 0.303
0.0 0.185
0.0 0.166
1.0 0.300
0.0 0.301
0.0 0.112
1.0 0.287
0.0 0.105
0.0 0.106
0.0 0.134
0.0 0.115
0.0 0.133
0.0 0.107
0.0 0.111
0.0 0.115
1.0 0.230
0.0 0.158
1.0 0.388
0.0 0.180
0.0 0.110
0.0 0.183
0.0 0.179
0.0 0.124
0.0 0.280
0.0 0.105
0.0 0.138
0.0 0.159
0.0 0.118
0.0 0.134
1.0 0.385
0.0 0.141
0.0 0.104
1.0 0.365
1.0 0.300
0.0 0.152
0.0 0.142
0.0 0.112
0.0 0.175
0.0 0.117
0.0 0.140
0.0 0.154
1.0 0.157
1.0 0.433
0.0 0.112
0.0 0.129
0.0 0.138
0.0 0.121
0.0 0.094
0.0 0.231
0.0 0.158
0.0 0.134
1.0 0.186
0.0 0.122
1.0 0.211
0.0 0.130
0.0 0.114
0.0 0.118
0.0 0.111
1.0 0.302
1.0 0.280
0.0 0.140
0.0 0.304
1.0 0.338
0.0 0.097
1.0 0.221
1.0 0.301
0.0 0.115
0.0 0.106
0.0 0.116
0.0 0.181
0.0 0.117
0.0 0.105
0.0 0.124
0.0 0.108
1.0 0.268
0.0 0.107
0.0 0.130
0.0 0.113
0.0 0.155
0.0 0.178
0.0 0.109
0.0 0.108
0.0 0.122
0.0 0.130
0.0 0.149
0.0 0.165
0.0 0.127
0.0 0.112
0.0 0.123
0.0 0.382
1.0 0.157
0.0 0.101
1.0 0.314
1.0 0.302
0.0 0.105
0.0 0.119
0.0 0.130
0.0 0.111
1.0 0.258
0.0 0.141
0.0 0.171
0.0 0.115
0.0 0.136
1.0 0.173
0.0 0.122
0.0 0.113
1.0 0.238
1.0 0.499
0.0 0.110
0.0 0.112
0.0 0.130
0.0 0.119
0.0 0.149
1.0 0.403
0.0 0.136
0.0 0.158
0.0 0.163
1.0 0.303
0.0 0.117
0.0 0.141
0.0 0.113
1.0 0.145
0.0 0.119
0.0 0.310
0.0 0.113
0.0 0.136
0.0 0.114
0.0 0.201
0.0 0.142
0.0 0.149
0.0 0.123
0.0 0.105
0.0 0.117
1.0 0.316
0.0 0.146
0.0 0.134
0.0 0.116
0.0 0.124
0.0 0.105
0.0 0.113
0.0 0.392
0.0 0.124
0.0 0.390
1.0 0.298
1.0 0.539
0.0 0.165
0.0 0.104
0.0 0.168
0.0 0.114
0.0 0.130
0.0 0.141
1.0 0.245
0.0 0.124
0.0 0.123
0.0 0.301
0.0 0.100
0.0 0.145
0.0 0.133
0.0 0.105
1.0 0.156
0.0 0.147
0.0 0.147
0.0 0.134
0.0 0.110
0.0 0.131
0.0 0.182
1.0 0.195
0.0 0.124
0.0 0.128
0.0 0.168
1.0 0.264
0.0 0.142
0.0 0.103
0.0 0.103
0.0 0.118
0.0 0.158
0.0 0.126
0.0 0.113
0.0 0.108
0.0 0.141
0.0 0.225
0.0 0.112
1.0 0.162
0.0 0.184
0.0 0.115
0.0 0.135
0.0 0.123
0.0 0.237
0.0 0.136
0.0 0.179
1.0 0.431
1.0 0.123
0.0 0.147
0.0 0.112
0.0 0.120
0.0 0.298
0.0 0.184
0.0 0.299
0.0 0.179
0.0 0.114
0.0 0.172
0.0 0.119
0.0 0.144
0.0 0.104
0.0 0.132
0.0 0.097
0.0 0.113
1.0 0.170
1.0 0.302
1.0 0.301
0.0 0.107
0.0 0.134
1.0 0.303
1.0 0.329
0.0 0.125
0.0 0.099
0.0 0.120
0.0 0.126
0.0 0.119
0.0 0.200
0.0 0.111
0.0 0.300
0.0 0.147
1.0 0.141
1.0 0.323
0.0 0.105
0.0 0.200
0.0 0.186
0.0 0.297
0.0 0.114
0.0 0.123
0.0 0.156
0.0 0.378
1.0 0.306
1.0 0.327
0.0 0.115
0.0 0.133
0.0 0.095
0.0 0.105
0.0 0.114
0.0 0.118
0.0 0.106
1.0 0.290
1.0 0.377
0.0 0.106
0.0 0.184
0.0 0.105
0.0 0.099
0.0 0.135
0.0 0.156
0.0 0.115
0.0 0.102
0.0 0.151
0.0 0.096
0.0 0.132
0.0 0.133
1.0 0.375
0.0 0.147
0.0 0.154
1.0 0.173
0.0 0.136
0.0 0.152
0.0 0.117
0.0 0.104
1.0 0.202
0.0 0.159
0.0 0.114
0.0 0.128
0.0 0.295
0.0 0.131
0.0 0.110
0.0 0.218
0.0 0.126
0.0 0.146
0.0 0.113
0.0 0.119
0.0 0.222
0.0 0.176
1.0 0.299
0.0 0.132
0.0 0.112
0.0 0.299
1.0 0.301
1.0 0.299
0.0 0.130
0.0 0.116
0.0 0.116
0.0 0.136
1.0 0.552
0.0 0.189
0.0 0.114
0.0 0.112
0.0 0.104
0.0 0.200
0.0 0.267
0.0 0.121
0.0 0.107
0.0 0.123
0.0 0.300
0.0 0.108
0.0 0.124
0.0 0.105
0.0 0.127
0.0 0.107
0.0 0.112
0.0 0.114
0.0 0.120
0.0 0.146
1.0 0.188
1.0 0.320
0.0 0.119
0.0 0.120
0.0 0.191
0.0 0.105
0.0 0.124
1.0 0.299
0.0 0.120
0.0 0.104
0.0 0.121
1.0 0.222
0.0 0.131
1.0 0.124
0.0 0.137
1.0 0.196
0.0 0.130
1.0 0.227
0.0 0.144
1.0 0.298
0.0 0.136
0.0 0.108
0.0 0.107
0.0 0.105
1.0 0.186
0.0 0.113
0.0 0.162
0.0 0.112
1.0 0.375
0.0 0.116
0.0 0.123
1.0 0.358
0.0 0.299
0.0 0.114
0.0 0.166
0.0 0.178
0.0 0.099
0.0 0.114
0.0 0.297
0.0 0.157
0.0 0.109
0.0 0.173
0.0 0.121
0.0 0.136
0.0 0.110
1.0 0.299
1.0 0.301
1.0 0.189
0.0 0.167
0.0 0.126
0.0 0.111
0.0 0.097
1.0 0.298
0.0 0.105
0.0 0.113
1.0 0.304
0.0 0.109
1.0 0.171
0.0 0.139
1.0 0.298
0.0 0.123
0.0 0.115
0.0 0.125
0.0 0.162
0.0 0.147
0.0 0.164
0.0 0.299
0.0 0.144
0.0 0.124
1.0 0.254
0.0 0.256
0.0 0.139
1.0 0.195
0.0 0.111
1.0 0.282
0.0 0.113
0.0 0.108
0.0 0.143
0.0 0.105
0.0 0.131
0.0 0.110
0.0 0.159
0.0 0.177
0.0 0.144
1.0 0.384
0.0 0.145
0.0 0.162
0.0 0.128
1.0 0.229
0.0 0.303
0.0 0.214
0.0 0.298
0.0 0.096
0.0 0.116
0.0 0.129
0.0 0.114
0.0 0.110
0.0 0.106
0.0 0.169
0.0 0.096
0.0 0.176
1.0 0.436
0.0 0.130
0.0 0.129
0.0 0.116
1.0 0.237
0.0 0.106
0.0 0.131
0.0 0.095
0.0 0.109
0.0 0.115
0.0 0.123
0.0 0.104
0.0 0.155
0.0 0.125
0.0 0.096
0.0 0.128
0.0 0.189
0.0 0.114
1.0 0.320
0.0 0.091
0.0 0.136
1.0 0.300
0.0 0.213
0.0 0.127
0.0 0.135
0.0 0.118
0.0 0.104
0.0 0.110
0.0 0.124
0.0 0.137
0.0 0.133
1.0 0.218
0.0 0.129
0.0 0.149
0.0 0.130
0.0 0.115
0.0 0.158
0.0 0.152
0.0 0.123
0.0 0.162
0.0 0.092
0.0 0.215
0.0 0.104
0.0 0.115
0.0 0.101
0.0 0.135
0.0 0.148
1.0 0.369
0.0 0.161
0.0 0.198
0.0 0.299
1.0 0.217
0.0 0.110
0.0 0.113
0.0 0.129
0.0 0.118
0.0 0.126
0.0 0.172
0.0 0.146
0.0 0.098
0.0 0.123
0.0 0.194
0.0 0.129
0.0 0.169
0.0 0.165
0.0 0.155
0.0 0.111
0.0 0.162
1.0 0.302
1.0 0.180
0.0 0.100
0.0 0.109
0.0 0.096
0.0 0.104
1.0 0.232
0.0 0.111
0.0 0.111
0.0 0.125
0.0 0.122
0.0 0.103
1.0 0.386
0.0 0.148
0.0 0.142
1.0 0.172
0.0 0.192
0.0 0.108
0.0 0.123
0.0 0.300
0.0 0.112
0.0 0.245
0.0 0.119
0.0 0.152
0.0 0.128
1.0 0.284
0.0 0.180
0.0 0.120
0.0 0.109
0.0 0.114
0.0 0.149
0.0 0.387
1.0 0.298
1.0 0.359
0.0 0.154
0.0 0.108
1.0 0.251
0.0 0.107
1.0 0.194
0.0 0.106
1.0 0.116
1.0 0.299
0.0 0.154
0.0 0.159
0.0 0.324
1.0 0.289
0.0 0.149
0.0 0.118
0.0 0.122
1.0 0.298
0.0 0.268
0.0 0.332
0.0 0.140
0.0 0.141
0.0 0.158
0.0 0.134
0.0 0.109
0.0 0.119
0.0 0.145
0.0 0.108
0.0 0.159
1.0 0.300
0.0 0.125
0.0 0.141
0.0 0.166
0.0 0.120
1.0 0.273
1.0 0.162
1.0 0.191
0.0 0.251
0.0 0.131
0.0 0.172
0.0 0.300
0.0 0.102
0.0 0.144
1.0 0.301
1.0 0.299
1.0 0.399
1.0 0.419
0.0 0.183
0.0 0.106
0.0 0.130
0.0 0.105
0.0 0.110
1.0 0.315
1.0 0.249
0.0 0.123
0.0 0.131
0.0 0.131
0.0 0.204
1.0 0.189
1.0 0.298
0.0 0.128
0.0 0.134
0.0 0.122
1.0 0.299
0.0 0.192
0.0 0.130
1.0 0.185
1.0 0.411
0.0 0.118
0.0 0.149
0.0 0.152
0.0 0.142
1.0 0.302
1.0 0.145
1.0 0.297
0.0 0.114
0.0 0.144
0.0 0.130
0.0 0.108
0.0 0.158
0.0 0.211
0.0 0.114
0.0 0.128
0.0 0.107
1.0 0.319
1.0 0.261
1.0 0.302
0.0 0.122
0.0 0.302
0.0 0.109
0.0 0.225
0.0 0.108
0.0 0.105
1.0 0.304
0.0 0.121
1.0 0.281
0.0 0.136
0.0 0.113
0.0 0.302
0.0 0.122
1.0 0.450
1.0 0.299
1.0 0.276
0.0 0.118
0.0 0.125
0.0 0.130
0.0 0.176
0.0 0.115
1.0 0.191
0.0 0.192
0.0 0.109
0.0 0.192
0.0 0.108
0.0 0.106
0.0 0.143
1.0 0.256
1.0 0.301
0.0 0.102
1.0 0.262
0.0 0.356
0.0 0.126
0.0 0.102
0.0 0.140
0.0 0.108
0.0 0.154
0.0 0.134
0.0 0.196
0.0 0.135
0.0 0.186
0.0 0.181
0.0 0.132
0.0 0.106
0.0 0.093
0.0 0.102
0.0 0.351
0.0 0.116
0.0 0.224
0.0 0.193
0.0 0.148
0.0 0.116
0.0 0.156
1.0 0.298
1.0 0.333
0.0 0.097
0.0 0.145
0.0 0.117
0.0 0.138
0.0 0.151
1.0 0.302
0.0 0.149
0.0 0.098
0.0 0.297
0.0 0.158
1.0 0.169
0.0 0.128
0.0 0.110
0.0 0.110
0.0 0.108
0.0 0.125
0.0 0.124
1.0 0.134
0.0 0.193
0.0 0.113
0.0 0.175
0.0 0.114
0.0 0.179
0.0 0.113
0.0 0.299
0.0 0.118
0.0 0.328
0.0 0.212
0.0 0.182
0.0 0.125
0.0 0.100
0.0 0.207
0.0 0.128
0.0 0.121
0.0 0.108
1.0 0.302
1.0 0.194
1.0 0.297
1.0 0.352
1.0 0.422
0.0 0.213
0.0 0.135
1.0 0.267
0.0 0.181
1.0 0.240
0.0 0.121
0.0 0.125
0.0 0.148
0.0 0.107
0.0 0.131
0.0 0.376
0.0 0.172
0.0 0.121
1.0 0.299
0.0 0.187
0.0 0.105
0.0 0.102
0.0 0.140
0.0 0.115
0.0 0.126
0.0 0.299
0.0 0.135
1.0 0.299
0.0 0.218
0.0 0.264
0.0 0.170
1.0 0.315
0.0 0.114
1.0 0.302
1.0 0.239
0.0 0.145
0.0 0.119
0.0 0.135
0.0 0.199
1.0 0.298
0.0 0.111
0.0 0.099
0.0 0.113
0.0 0.119
0.0 0.121
0.0 0.120
0.0 0.161
0.0 0.100
1.0 0.303
0.0 0.134
0.0 0.108
0.0 0.332
0.0 0.112
0.0 0.127
0.0 0.180
1.0 0.504
0.0 0.103
0.0 0.101
0.0 0.119
0.0 0.102
1.0 0.300
0.0 0.118
0.0 0.162
0.0 0.136
0.0 0.119
0.0 0.114
1.0 0.159
0.0 0.151
0.0 0.153
0.0 0.109
0.0 0.095
0.0 0.127
1.0 0.244
0.0 0.151
1.0 0.304
1.0 0.212
0.0 0.112
0.0 0.143
0.0 0.173
0.0 0.125
0.0 0.160
0.0 0.107
1.0 0.253
0.0 0.124
1.0 0.199
0.0 0.147
0.0 0.131
1.0 0.264
1.0 0.299
0.0 0.110
0.0 0.300
0.0 0.105
0.0 0.108
0.0 0.116
0.0 0.129
0.0 0.129
0.0 0.125
0.0 0.118
1.0 0.160
0.0 0.111
1.0 0.348
0.0 0.106
0.0 0.108
1.0 0.385
0.0 0.113
0.0 0.111
0.0 0.117
1.0 0.277
0.0 0.138
0.0 0.113
0.0 0.299
0.0 0.115
0.0 0.139
0.0 0.104
0.0 0.149
0.0 0.135
0.0 0.116
1.0 0.304
0.0 0.106
0.0 0.127
0.0 0.220
0.0 0.131
0.0 0.145
0.0 0.180
0.0 0.137
0.0 0.103
0.0 0.149
0.0 0.161
0.0 0.111
0.0 0.130
1.0 0.166
1.0 0.186
0.0 0.130
1.0 0.301
0.0 0.121
0.0 0.201
0.0 0.123
0.0 0.109
0.0 0.120
1.0 0.352
1.0 0.297
0.0 0.213
0.0 0.097
0.0 0.178
0.0 0.099
0.0 0.121
1.0 0.301
1.0 0.303
0.0 0.187
0.0 0.110
1.0 0.173
0.0 0.136
0.0 0.300
0.0 0.104
1.0 0.332
1.0 0.140
0.0 0.100
0.0 0.169
0.0 0.121
1.0 0.304
0.0 0.161
0.0 0.304
0.0 0.110
0.0 0.111
0.0 0.136
0.0 0.117
0.0 0.203
0.0 0.190
0.0 0.117
1.0 0.196
0.0 0.296
1.0 0.302
0.0 0.147
0.0 0.134
0.0 0.135
0.0 0.120
0.0 0.122
0.0 0.101
0.0 0.129
0.0 0.184
0.0 0.170
1.0 0.297
0.0 0.128
0.0 0.131
0.0 0.118
0.0 0.137
1.0 0.305
0.0 0.116
0.0 0.140
1.0 0.312
1.0 0.120
0.0 0.157
0.0 0.156
0.0 0.136
0.0 0.105
0.0 0.302
0.0 0.179
0.0 0.174
0.0 0.153
0.0 0.178
0.0 0.158
1.0 0.179
0.0 0.113
1.0 0.298
0.0 0.149
0.0 0.111
0.0 0.169
0.0 0.099
0.0 0.149
0.0 0.102
0.0 0.158
0.0 0.301
0.0 0.300
0.0 0.130
0.0 0.112
0.0 0.155
0.0 0.178
0.0 0.112
0.0 0.167
0.0 0.169
0.0 0.131
1.0 0.256
0.0 0.127
0.0 0.126
0.0 0.132
0.0 0.108
0.0 0.129
1.0 0.383
0.0 0.112
0.0 0.116
0.0 0.265
0.0 0.099
0.0 0.138
0.0 0.183
0.0 0.104
0.0 0.305
0.0 0.228
1.0 0.297
0.0 0.115
0.0 0.108
1.0 0.203
0.0 0.249
1.0 0.108
0.0 0.161
0.0 0.125
1.0 0.126
0.0 0.298
1.0 0.372
0.0 0.127
1.0 0.196
0.0 0.100
1.0 0.203
1.0 0.414
0.0 0.104
0.0 0.126
0.0 0.095
0.0 0.123
0.0 0.117
0.0 0.112
0.0 0.113
0.0 0.148
1.0 0.299
0.0 0.108
0.0 0.131
0.0 0.172
0.0 0.136
0.0 0.157
0.0 0.141
0.0 0.154
1.0 0.226
1.0 0.237
0.0 0.112
0.0 0.112
0.0 0.108
1.0 0.312
0.0 0.162
0.0 0.131
0.0 0.106
0.0 0.170
0.0 0.135
0.0 0.116
1.0 0.298
0.0 0.132
0.0 0.110
0.0 0.133
0.0 0.302
0.0 0.115
0.0 0.157
0.0 0.104
1.0 0.305
0.0 0.114
1.0 0.368
0.0 0.120
0.0 0.103
1.0 0.142
0.0 0.295
0.0 0.127
0.0 0.153
0.0 0.097
1.0 0.299
0.0 0.127
0.0 0.237
1.0 0.385
0.0 0.134
0.0 0.172
1.0 0.242
0.0 0.104
0.0 0.090
0.0 0.128
0.0 0.130
0.0 0.112
0.0 0.150
0.0 0.299
1.0 0.361
1.0 0.298
0.0 0.119
0.0 0.129
0.0 0.113
0.0 0.118
1.0 0.207
0.0 0.108
0.0 0.154
0.0 0.117
0.0 0.212
0.0 0.158
