0.0 0.104
0.0 0.012
0.0 0.017
0.0 0.015
0.0 0.130
0.0 0.103
0.0 0.022
0.0 0.048
0.0 0.015
0.0 0.018
0.0 0.019
0.0 0.012
0.0 0.024
0.0 0.025
0.0 0.017
0.0 0.016
1.0 0.527
0.0 0.085
1.0 0.121
0.0 0.015
0.0 0.044
0.0 0.027
0.0 0.012
0.0 0.153
0.0 0.103
0.0 0.043
0.0 0.014
0.0 0.015
0.0 0.028
0.0 0.023
0.0 0.030
0.0 0.017
0.0 0.047
0.0 0.015
0.0 0.019
0.0 0.021
0.0 0.014
0.0 0.157
0.0 0.058
0.0 0.110
0.0 0.029
0.0 0.022
0.0 0.019
0.0 0.040
0.0 0.011
0.0 0.017
0.0 0.149
0.0 0.040
0.0 0.102
0.0 0.019
0.0 0.014
0.0 0.021
0.0 0.027
0.0 0.022
0.0 0.106
0.0 0.020
0.0 0.012
0.0 0.015
0.0 0.107
0.0 0.104
0.0 0.018
1.0 0.103
0.0 0.024
0.0 0.021
0.0 0.103
0.0 0.023
0.0 0.012
0.0 0.019
0.0 0.016
0.0 0.016
1.0 0.153
0.0 0.105
0.0 0.021
1.0 0.220
0.0 0.074
0.0 0.024
0.0 0.111
0.0 0.015
1.0 0.267
0.0 0.086
0.0 0.038
0.0 0.018
0.0 0.014
0.0 0.211
0.0 0.014
0.0 0.041
0.0 0.018
0.0 0.024
0.0 0.128
0.0 0.018
0.0 0.043
0.0 0.018
0.0 0.039
0.0 0.017
0.0 0.014
0.0 0.024
0.0 0.015
0.0 0.028
0.0 0.029
0.0 0.106
0.0 0.019
0.0 0.014
0.0 0.012
0.0 0.027
0.0 0.015
0.0 0.063
0.0 0.024
0.0 0.017
0.0 0.040
0.0 0.017
0.0 0.026
1.0 0.155
0.0 0.013
0.0 0.016
0.0 0.049
0.0 0.028
0.0 0.022
0.0 0.014
1.0 0.316
0.0 0.194
0.0 0.034
0.0 0.016
0.0 0.016
0.0 0.015
0.0 0.014
0.0 0.021
0.0 0.026
0.0 0.043
0.0 0.021
0.0 0.018
0.0 0.107
0.0 0.026
0.0 0.019
0.0 0.014
0.0 0.019
0.0 0.087
1.0 0.026
0.0 0.027
0.0 0.036
0.0 0.044
0.0 0.020
0.0 0.015
1.0 0.159
0.0 0.020
0.0 0.059
0.0 0.021
0.0 0.016
0.0 0.023
0.0 0.015
0.0 0.015
0.0 0.014
0.0 0.021
0.0 0.016
0.0 0.043
0.0 0.043
0.0 0.020
0.0 0.018
0.0 0.025
0.0 0.105
0.0 0.011
0.0 0.023
1.0 0.064
0.0 0.025
0.0 0.015
0.0 0.044
0.0 0.014
0.0 0.015
0.0 0.022
0.0 0.014
0.0 0.104
0.0 0.019
1.0 0.017
0.0 0.018
0.0 0.106
0.0 0.014
0.0 0.051
0.0 0.017
0.0 0.104
0.0 0.018
0.0 0.125
0.0 0.055
0.0 0.030
0.0 0.019
1.0 0.422
0.0 0.018
1.0 0.187
0.0 0.014
0.0 0.025
0.0 0.035
0.0 0.104
0.0 0.017
0.0 0.020
0.0 0.021
0.0 0.080
0.0 0.025
0.0 0.104
0.0 0.019
0.0 0.031
0.0 0.090
0.0 0.014
0.0 0.018
0.0 0.029
0.0 0.100
0.0 0.033
0.0 0.106
0.0 0.023
0.0 0.032
0.0 0.016
0.0 0.013
0.0 0.014
0.0 0.047
0.0 0.028
0.0 0.069
0.0 0.021
0.0 0.014
0.0 0.021
0.0 0.020
0.0 0.015
0.0 0.021
0.0 0.015
0.0 0.019
0.0 0.020
0.0 0.017
0.0 0.015
0.0 0.017
0.0 0.021
0.0 0.030
0.0 0.022
0.0 0.019
0.0 0.038
0.0 0.159
0.0 0.016
0.0 0.033
0.0 0.028
0.0 0.021
0.0 0.125
0.0 0.015
0.0 0.014
0.0 0.105
0.0 0.013
0.0 0.108
0.0 0.029
0.0 0.175
0.0 0.014
0.0 0.014
1.0 0.105
0.0 0.013
0.0 0.024
1.0 0.072
0.0 0.046
0.0 0.030
0.0 0.018
0.0 0.024
0.0 0.024
1.0 0.107
0.0 0.024
0.0 0.034
0.0 0.019
0.0 0.013
0.0 0.018
0.0 0.021
0.0 0.017
0.0 0.016
0.0 0.016
0.0 0.016
0.0 0.051
0.0 0.018
0.0 0.032
0.0 0.019
0.0 0.023
0.0 0.018
0.0 0.015
0.0 0.020
0.0 0.015
0.0 0.015
0.0 0.019
0.0 0.037
0.0 0.040
0.0 0.011
0.0 0.037
0.0 0.027
0.0 0.015
0.0 0.016
0.0 0.039
0.0 0.105
0.0 0.081
0.0 0.018
0.0 0.119
0.0 0.143
1.0 0.113
0.0 0.014
1.0 0.146
0.0 0.015
0.0 0.042
0.0 0.106
0.0 0.029
0.0 0.106
0.0 0.015
0.0 0.103
0.0 0.030
0.0 0.013
0.0 0.019
1.0 0.036
1.0 0.027
0.0 0.037
0.0 0.046
1.0 0.156
0.0 0.084
0.0 0.018
0.0 0.015
0.0 0.066
0.0 0.038
0.0 0.014
0.0 0.104
0.0 0.012
0.0 0.018
0.0 0.105
0.0 0.023
0.0 0.016
0.0 0.011
0.0 0.018
0.0 0.017
0.0 0.107
0.0 0.096
0.0 0.033
0.0 0.017
0.0 0.105
0.0 0.080
0.0 0.042
0.0 0.038
0.0 0.026
0.0 0.017
0.0 0.084
0.0 0.045
0.0 0.026
0.0 0.032
0.0 0.019
1.0 0.245
0.0 0.039
0.0 0.018
0.0 0.018
0.0 0.021
0.0 0.103
0.0 0.015
0.0 0.016
0.0 0.021
0.0 0.022
0.0 0.015
0.0 0.019
0.0 0.014
0.0 0.026
0.0 0.023
0.0 0.014
0.0 0.017
0.0 0.021
0.0 0.016
0.0 0.104
0.0 0.029
1.0 0.104
0.0 0.073
0.0 0.012
0.0 0.013
0.0 0.018
0.0 0.107
0.0 0.074
0.0 0.019
0.0 0.017
0.0 0.015
0.0 0.024
1.0 0.197
0.0 0.021
0.0 0.021
0.0 0.026
0.0 0.020
0.0 0.034
0.0 0.017
1.0 0.106
0.0 0.029
0.0 0.017
0.0 0.018
0.0 0.075
1.0 0.053
0.0 0.031
0.0 0.015
0.0 0.063
0.0 0.022
0.0 0.020
0.0 0.021
0.0 0.017
0.0 0.053
0.0 0.013
0.0 0.030
0.0 0.017
0.0 0.028
0.0 0.015
0.0 0.035
0.0 0.013
0.0 0.018
0.0 0.038
1.0 0.104
0.0 0.012
0.0 0.033
0.0 0.032
0.0 0.106
0.0 0.031
0.0 0.016
1.0 0.337
0.0 0.015
0.0 0.105
0.0 0.022
0.0 0.015
1.0 0.205
0.0 0.059
0.0 0.019
0.0 0.014
0.0 0.019
0.0 0.016
0.0 0.016
0.0 0.013
0.0 0.015
0.0 0.015
0.0 0.015
0.0 0.050
0.0 0.031
0.0 0.012
0.0 0.028
0.0 0.011
0.0 0.013
0.0 0.026
0.0 0.020
0.0 0.020
0.0 0.020
0.0 0.154
0.0 0.028
0.0 0.023
0.0 0.029
0.0 0.019
0.0 0.090
0.0 0.039
0.0 0.019
0.0 0.026
0.0 0.105
0.0 0.022
0.0 0.015
0.0 0.031
0.0 0.023
0.0 0.153
0.0 0.062
0.0 0.011
0.0 0.014
0.0 0.016
0.0 0.103
0.0 0.014
0.0 0.050
0.0 0.016
0.0 0.017
0.0 0.023
0.0 0.013
0.0 0.026
0.0 0.104
0.0 0.106
0.0 0.088
0.0 0.020
0.0 0.021
0.0 0.012
0.0 0.014
0.0 0.018
1.0 0.134
0.0 0.054
0.0 0.025
0.0 0.017
0.0 0.017
0.0 0.026
0.0 0.029
0.0 0.022
0.0 0.077
0.0 0.106
0.0 0.014
0.0 0.024
0.0 0.019
0.0 0.017
0.0 0.012
0.0 0.068
0.0 0.015
0.0 0.046
0.0 0.014
0.0 0.037
0.0 0.102
0.0 0.183
0.0 0.014
0.0 0.029
0.0 0.038
0.0 0.015
0.0 0.074
0.0 0.106
0.0 0.016
0.0 0.043
0.0 0.076
0.0 0.019
0.0 0.018
0.0 0.107
0.0 0.019
0.0 0.027
1.0 0.103
0.0 0.019
0.0 0.014
0.0 0.014
1.0 0.129
0.0 0.021
0.0 0.105
0.0 0.015
1.0 0.106
0.0 0.037
0.0 0.017
0.0 0.017
0.0 0.037
0.0 0.013
0.0 0.012
0.0 0.017
0.0 0.014
0.0 0.015
0.0 0.015
0.0 0.039
0.0 0.021
0.0 0.014
0.0 0.042
0.0 0.027
0.0 0.021
0.0 0.024
0.0 0.013
0.0 0.105
0.0 0.109
0.0 0.055
0.0 0.107
0.0 0.107
0.0 0.060
0.0 0.017
0.0 0.042
0.0 0.015
0.0 0.014
0.0 0.015
0.0 0.025
0.0 0.105
0.0 0.015
0.0 0.021
0.0 0.012
0.0 0.014
1.0 0.113
0.0 0.045
0.0 0.016
0.0 0.105
0.0 0.013
0.0 0.019
1.0 0.116
0.0 0.024
0.0 0.021
0.0 0.175
0.0 0.023
1.0 0.035
0.0 0.022
0.0 0.027
0.0 0.014
0.0 0.020
0.0 0.051
0.0 0.060
0.0 0.034
0.0 0.012
0.0 0.024
0.0 0.015
0.0 0.019
0.0 0.033
0.0 0.036
0.0 0.022
1.0 0.116
0.0 0.017
0.0 0.038
0.0 0.035
0.0 0.120
0.0 0.055
0.0 0.020
0.0 0.065
0.0 0.016
0.0 0.014
0.0 0.018
0.0 0.014
0.0 0.040
0.0 0.024
0.0 0.023
1.0 0.166
0.0 0.027
0.0 0.108
0.0 0.016
0.0 0.030
0.0 0.023
0.0 0.030
0.0 0.018
0.0 0.025
0.0 0.098
1.0 0.098
1.0 0.104
0.0 0.017
0.0 0.019
0.0 0.019
0.0 0.027
0.0 0.014
0.0 0.029
0.0 0.017
0.0 0.041
0.0 0.013
1.0 0.072
1.0 0.104
0.0 0.017
0.0 0.018
0.0 0.013
0.0 0.017
0.0 0.038
0.0 0.274
0.0 0.041
0.0 0.016
0.0 0.015
0.0 0.016
0.0 0.014
0.0 0.130
0.0 0.041
0.0 0.104
0.0 0.013
1.0 0.150
0.0 0.029
0.0 0.042
0.0 0.014
0.0 0.016
0.0 0.016
0.0 0.012
0.0 0.014
0.0 0.028
1.0 0.183
0.0 0.015
0.0 0.106
0.0 0.016
0.0 0.017
0.0 0.024
0.0 0.017
0.0 0.016
0.0 0.013
0.0 0.015
0.0 0.018
0.0 0.017
0.0 0.015
0.0 0.016
0.0 0.027
1.0 0.104
0.0 0.027
0.0 0.021
0.0 0.014
0.0 0.038
0.0 0.036
0.0 0.024
0.0 0.032
0.0 0.013
0.0 0.012
0.0 0.021
1.0 0.037
0.0 0.075
0.0 0.035
0.0 0.026
0.0 0.015
0.0 0.016
0.0 0.017
0.0 0.024
0.0 0.138
0.0 0.014
0.0 0.023
0.0 0.049
0.0 0.040
0.0 0.034
0.0 0.030
0.0 0.119
0.0 0.019
0.0 0.034
0.0 0.041
0.0 0.020
0.0 0.023
0.0 0.024
0.0 0.022
0.0 0.050
0.0 0.015
0.0 0.018
0.0 0.015
0.0 0.030
0.0 0.109
0.0 0.016
0.0 0.145
0.0 0.016
0.0 0.020
0.0 0.036
0.0 0.024
0.0 0.035
0.0 0.105
1.0 0.104
0.0 0.037
0.0 0.039
0.0 0.020
0.0 0.024
0.0 0.020
0.0 0.015
0.0 0.175
0.0 0.017
0.0 0.062
0.0 0.019
1.0 0.107
0.0 0.019
0.0 0.077
0.0 0.012
0.0 0.018
0.0 0.018
0.0 0.013
0.0 0.104
0.0 0.019
0.0 0.012
0.0 0.016
0.0 0.022
0.0 0.017
0.0 0.027
0.0 0.023
0.0 0.087
0.0 0.028
1.0 0.061
0.0 0.104
0.0 0.021
0.0 0.022
0.0 0.018
0.0 0.043
0.0 0.103
0.0 0.107
0.0 0.012
0.0 0.104
0.0 0.014
0.0 0.015
0.0 0.016
1.0 0.105
0.0 0.017
0.0 0.037
0.0 0.018
0.0 0.018
0.0 0.015
0.0 0.106
0.0 0.023
0.0 0.017
0.0 0.016
0.0 0.013
0.0 0.027
0.0 0.013
0.0 0.016
0.0 0.058
0.0 0.037
0.0 0.031
0.0 0.053
0.0 0.038
1.0 0.174
0.0 0.087
0.0 0.024
0.0 0.014
0.0 0.013
0.0 0.105
0.0 0.015
0.0 0.032
0.0 0.015
0.0 0.010
0.0 0.067
0.0 0.105
0.0 0.142
0.0 0.016
0.0 0.109
0.0 0.013
0.0 0.027
0.0 0.021
0.0 0.025
0.0 0.034
0.0 0.016
0.0 0.017
0.0 0.025
0.0 0.017
0.0 0.015
0.0 0.049
0.0 0.104
0.0 0.016
0.0 0.033
0.0 0.016
0.0 0.012
0.0 0.015
0.0 0.059
0.0 0.034
0.0 0.018
0.0 0.108
0.0 0.037
0.0 0.022
0.0 0.032
0.0 0.017
0.0 0.026
0.0 0.017
0.0 0.106
0.0 0.014
0.0 0.028
0.0 0.082
0.0 0.106
0.0 0.018
0.0 0.018
0.0 0.021
0.0 0.045
0.0 0.043
0.0 0.034
0.0 0.104
0.0 0.068
0.0 0.014
0.0 0.014
0.0 0.024
0.0 0.020
0.0 0.020
0.0 0.037
0.0 0.095
0.0 0.016
0.0 0.021
0.0 0.027
1.0 0.104
1.0 0.101
0.0 0.061
0.0 0.016
0.0 0.020
0.0 0.019
0.0 0.125
1.0 0.197
0.0 0.024
0.0 0.028
0.0 0.019
0.0 0.018
0.0 0.027
0.0 0.014
0.0 0.017
0.0 0.046
0.0 0.021
0.0 0.014
0.0 0.022
0.0 0.015
0.0 0.027
0.0 0.216
0.0 0.017
0.0 0.017
0.0 0.017
0.0 0.015
0.0 0.072
0.0 0.082
0.0 0.014
0.0 0.015
0.0 0.081
0.0 0.017
0.0 0.015
0.0 0.019
0.0 0.016
0.0 0.022
1.0 0.096
0.0 0.015
0.0 0.017
0.0 0.016
0.0 0.072
0.0 0.019
0.0 0.015
0.0 0.016
0.0 0.045
0.0 0.012
0.0 0.024
0.0 0.022
0.0 0.014
0.0 0.101
0.0 0.017
0.0 0.028
1.0 0.057
0.0 0.033
1.0 0.319
0.0 0.017
0.0 0.012
1.0 0.192
1.0 0.053
0.0 0.059
0.0 0.019
0.0 0.029
0.0 0.017
1.0 0.016
0.0 0.015
0.0 0.039
0.0 0.031
0.0 0.033
1.0 0.122
0.0 0.021
0.0 0.076
0.0 0.012
0.0 0.017
0.0 0.018
0.0 0.019
0.0 0.135
0.0 0.062
0.0 0.032
0.0 0.107
0.0 0.015
0.0 0.020
0.0 0.018
0.0 0.175
0.0 0.029
1.0 0.104
0.0 0.037
0.0 0.015
1.0 0.112
0.0 0.053
0.0 0.028
1.0 0.104
0.0 0.083
0.0 0.022
0.0 0.025
0.0 0.026
0.0 0.016
0.0 0.106
1.0 0.109
0.0 0.016
0.0 0.014
0.0 0.016
0.0 0.014
0.0 0.017
0.0 0.015
0.0 0.039
0.0 0.011
0.0 0.020
0.0 0.093
0.0 0.011
0.0 0.033
0.0 0.013
1.0 0.025
0.0 0.021
0.0 0.036
0.0 0.020
0.0 0.013
0.0 0.019
0.0 0.061
0.0 0.020
0.0 0.018
0.0 0.034
0.0 0.023
0.0 0.017
0.0 0.016
0.0 0.039
0.0 0.030
0.0 0.016
0.0 0.020
0.0 0.016
0.0 0.068
0.0 0.024
0.0 0.042
0.0 0.012
0.0 0.024
0.0 0.015
0.0 0.067
1.0 0.074
0.0 0.017
0.0 0.017
0.0 0.034
0.0 0.137
0.0 0.017
0.0 0.021
0.0 0.012
1.0 0.197
0.0 0.023
0.0 0.016
1.0 0.048
0.0 0.014
0.0 0.016
0.0 0.016
0.0 0.105
0.0 0.014
0.0 0.047
0.0 0.012
0.0 0.021
0.0 0.018
0.0 0.018
0.0 0.017
0.0 0.016
0.0 0.105
0.0 0.027
0.0 0.019
0.0 0.020
0.0 0.017
0.0 0.044
0.0 0.026
0.0 0.014
1.0 0.160
0.0 0.027
0.0 0.018
0.0 0.020
0.0 0.079
0.0 0.020
1.0 0.093
0.0 0.034
0.0 0.036
0.0 0.018
0.0 0.016
0.0 0.018
0.0 0.051
0.0 0.016
0.0 0.016
0.0 0.017
0.0 0.037
0.0 0.017
0.0 0.016
0.0 0.031
0.0 0.037
0.0 0.029
0.0 0.053
0.0 0.058
0.0 0.020
0.0 0.054
0.0 0.039
1.0 0.211
0.0 0.024
0.0 0.017
0.0 0.025
0.0 0.015
0.0 0.015
0.0 0.011
0.0 0.103
1.0 0.064
0.0 0.026
0.0 0.015
0.0 0.023
0.0 0.061
0.0 0.033
0.0 0.273
0.0 0.012
0.0 0.015
0.0 0.013
0.0 0.021
0.0 0.014
0.0 0.021
1.0 0.104
0.0 0.103
0.0 0.106
0.0 0.017
0.0 0.019
1.0 0.105
0.0 0.106
0.0 0.063
0.0 0.017
0.0 0.018
0.0 0.016
1.0 0.053
0.0 0.031
1.0 0.030
0.0 0.019
0.0 0.025
0.0 0.018
0.0 0.016
0.0 0.102
0.0 0.039
0.0 0.013
0.0 0.022
0.0 0.034
0.0 0.019
0.0 0.013
0.0 0.014
0.0 0.029
0.0 0.024
0.0 0.016
0.0 0.177
0.0 0.090
0.0 0.104
0.0 0.017
0.0 0.020
0.0 0.013
0.0 0.013
0.0 0.028
0.0 0.060
0.0 0.023
0.0 0.014
0.0 0.033
1.0 0.278
0.0 0.019
0.0 0.019
0.0 0.106
0.0 0.027
0.0 0.035
0.0 0.105
0.0 0.016
0.0 0.035
0.0 0.023
0.0 0.021
0.0 0.036
0.0 0.048
0.0 0.018
0.0 0.041
0.0 0.105
0.0 0.017
0.0 0.075
0.0 0.104
0.0 0.106
0.0 0.017
0.0 0.012
0.0 0.074
0.0 0.014
0.0 0.026
0.0 0.014
0.0 0.016
1.0 0.114
0.0 0.040
0.0 0.011
0.0 0.036
0.0 0.014
0.0 0.083
0.0 0.014
0.0 0.029
0.0 0.104
1.0 0.126
0.0 0.014
0.0 0.012
0.0 0.014
0.0 0.016
0.0 0.021
0.0 0.023
1.0 0.186
0.0 0.014
0.0 0.024
0.0 0.060
0.0 0.028
0.0 0.040
0.0 0.018
0.0 0.023
0.0 0.037
0.0 0.103
0.0 0.027
0.0 0.105
1.0 0.371
0.0 0.022
0.0 0.026
0.0 0.035
0.0 0.076
0.0 0.016
0.0 0.017
0.0 0.017
0.0 0.015
0.0 0.018
0.0 0.018
1.0 0.050
0.0 0.023
0.0 0.013
0.0 0.021
0.0 0.012
0.0 0.029
0.0 0.030
0.0 0.104
0.0 0.016
0.0 0.040
0.0 0.072
0.0 0.050
0.0 0.016
0.0 0.013
0.0 0.044
1.0 0.174
0.0 0.032
0.0 0.064
0.0 0.105
0.0 0.016
0.0 0.037
0.0 0.019
0.0 0.037
0.0 0.023
0.0 0.013
0.0 0.103
1.0 0.105
0.0 0.028
0.0 0.108
0.0 0.038
0.0 0.020
0.0 0.015
0.0 0.039
0.0 0.013
0.0 0.029
0.0 0.029
0.0 0.031
0.0 0.016
0.0 0.017
0.0 0.045
0.0 0.017
0.0 0.012
0.0 0.025
0.0 0.140
0.0 0.040
0.0 0.018
0.0 0.025
0.0 0.022
0.0 0.012
0.0 0.080
0.0 0.034
0.0 0.019
0.0 0.025
0.0 0.035
1.0 0.307
0.0 0.017
0.0 0.015
0.0 0.016
0.0 0.051
0.0 0.036
0.0 0.103
0.0 0.020
0.0 0.021
0.0 0.020
0.0 0.106
0.0 0.016
0.0 0.023
0.0 0.021
0.0 0.051
0.0 0.106
0.0 0.014
0.0 0.017
1.0 0.104
0.0 0.022
0.0 0.018
0.0 0.015
0.0 0.013
0.0 0.017
0.0 0.023
0.0 0.036
0.0 0.017
1.0 0.139
0.0 0.043
0.0 0.018
0.0 0.028
0.0 0.024
0.0 0.106
0.0 0.039
0.0 0.014
0.0 0.013
0.0 0.017
0.0 0.017
0.0 0.013
0.0 0.031
0.0 0.019
0.0 0.016
0.0 0.012
0.0 0.108
0.0 0.105
0.0 0.105
0.0 0.016
0.0 0.015
0.0 0.026
0.0 0.048
0.0 0.029
0.0 0.013
0.0 0.020
0.0 0.037
0.0 0.019
0.0 0.013
0.0 0.104
0.0 0.022
0.0 0.018
0.0 0.037
0.0 0.027
0.0 0.032
0.0 0.019
0.0 0.019
0.0 0.040
0.0 0.030
0.0 0.032
0.0 0.019
0.0 0.107
0.0 0.018
0.0 0.028
0.0 0.015
0.0 0.024
1.0 0.106
0.0 0.013
0.0 0.019
0.0 0.029
0.0 0.021
0.0 0.054
0.0 0.023
0.0 0.024
0.0 0.054
1.0 0.105
0.0 0.034
0.0 0.015
1.0 0.215
0.0 0.017
0.0 0.012
1.0 0.111
0.0 0.021
0.0 0.105
0.0 0.041
0.0 0.015
0.0 0.070
0.0 0.070
0.0 0.015
0.0 0.188
0.0 0.015
0.0 0.023
0.0 0.014
0.0 0.078
0.0 0.012
0.0 0.020
0.0 0.014
0.0 0.018
0.0 0.027
1.0 0.107
0.0 0.036
0.0 0.013
0.0 0.020
0.0 0.029
0.0 0.012
0.0 0.076
0.0 0.217
0.0 0.132
0.0 0.018
0.0 0.100
0.0 0.055
0.0 0.023
0.0 0.016
0.0 0.024
0.0 0.016
0.0 0.019
0.0 0.035
0.0 0.014
0.0 0.041
0.0 0.016
0.0 0.042
0.0 0.023
0.0 0.054
0.0 0.026
0.0 0.014
0.0 0.022
0.0 0.023
0.0 0.043
0.0 0.021
0.0 0.103
0.0 0.025
0.0 0.014
0.0 0.039
0.0 0.056
1.0 0.106
0.0 0.107
0.0 0.013
1.0 0.044
0.0 0.016
0.0 0.024
0.0 0.020
0.0 0.015
0.0 0.047
0.0 0.028
0.0 0.014
0.0 0.037
0.0 0.011
0.0 0.018
0.0 0.104
0.0 0.051
0.0 0.025
0.0 0.017
0.0 0.011
0.0 0.019
0.0 0.102
0.0 0.015
0.0 0.014
0.0 0.020
0.0 0.062
0.0 0.017
0.0 0.104
0.0 0.027
0.0 0.017
0.0 0.021
0.0 0.016
0.0 0.025
0.0 0.031
1.0 0.107
0.0 0.042
0.0 0.103
0.0 0.022
0.0 0.066
0.0 0.046
0.0 0.031
0.0 0.014
0.0 0.015
0.0 0.058
0.0 0.022
0.0 0.050
0.0 0.103
0.0 0.027
0.0 0.016
0.0 0.024
0.0 0.014
0.0 0.014
0.0 0.016
0.0 0.033
0.0 0.021
0.0 0.026
0.0 0.021
0.0 0.014
0.0 0.013
0.0 0.018
0.0 0.027
1.0 0.054
0.0 0.023
0.0 0.016
1.0 0.106
0.0 0.016
0.0 0.018
0.0 0.015
0.0 0.015
0.0 0.063
0.0 0.096
0.0 0.032
0.0 0.017
0.0 0.012
0.0 0.027
0.0 0.012
0.0 0.102
0.0 0.023
0.0 0.104
0.0 0.019
0.0 0.022
0.0 0.013
0.0 0.039
0.0 0.022
0.0 0.067
0.0 0.020
0.0 0.045
0.0 0.023
0.0 0.019
0.0 0.055
0.0 0.034
0.0 0.019
0.0 0.017
0.0 0.017
0.0 0.014
0.0 0.015
0.0 0.115
0.0 0.013
0.0 0.018
0.0 0.019
0.0 0.017
0.0 0.019
0.0 0.012
1.0 0.035
0.0 0.021
0.0 0.148
0.0 0.015
0.0 0.042
0.0 0.015
0.0 0.035
0.0 0.015
0.0 0.051
0.0 0.024
1.0 0.106
0.0 0.013
0.0 0.039
0.0 0.032
0.0 0.015
0.0 0.020
0.0 0.067
0.0 0.054
0.0 0.015
0.0 0.104
0.0 0.020
0.0 0.015
0.0 0.015
0.0 0.022
0.0 0.015
0.0 0.012
0.0 0.013
0.0 0.042
0.0 0.017
0.0 0.020
0.0 0.031
0.0 0.030
0.0 0.016
1.0 0.191
0.0 0.015
0.0 0.020
0.0 0.014
0.0 0.017
0.0 0.027
0.0 0.100
0.0 0.026
0.0 0.016
0.0 0.014
0.0 0.020
0.0 0.030
0.0 0.102
0.0 0.021
0.0 0.015
0.0 0.019
0.0 0.014
0.0 0.027
0.0 0.019
0.0 0.020
1.0 0.232
0.0 0.017
0.0 0.058
0.0 0.017
0.0 0.018
0.0 0.027
0.0 0.059
0.0 0.015
0.0 0.025
0.0 0.052
0.0 0.020
0.0 0.015
0.0 0.044
0.0 0.021
0.0 0.012
0.0 0.014
0.0 0.026
0.0 0.031
0.0 0.034
0.0 0.021
0.0 0.015
0.0 0.012
0.0 0.030
0.0 0.016
0.0 0.024
0.0 0.055
0.0 0.035
0.0 0.013
0.0 0.054
0.0 0.017
0.0 0.018
0.0 0.017
0.0 0.106
0.0 0.015
0.0 0.103
0.0 0.038
0.0 0.136
0.0 0.130
0.0 0.026
0.0 0.017
0.0 0.106
0.0 0.024
0.0 0.042
0.0 0.026
0.0 0.062
0.0 0.015
0.0 0.017
0.0 0.021
0.0 0.030
0.0 0.028
0.0 0.025
0.0 0.015
0.0 0.030
0.0 0.023
0.0 0.014
0.0 0.012
0.0 0.036
0.0 0.103
0.0 0.022
0.0 0.018
0.0 0.038
0.0 0.027
0.0 0.013
0.0 0.023
0.0 0.021
0.0 0.020
0.0 0.103
0.0 0.015
0.0 0.018
0.0 0.017
0.0 0.018
0.0 0.017
0.0 0.033
0.0 0.040
0.0 0.019
0.0 0.017
0.0 0.015
0.0 0.019
0.0 0.022
1.0 0.023
0.0 0.017
0.0 0.016
0.0 0.167
1.0 0.020
0.0 0.055
0.0 0.103
0.0 0.023
0.0 0.019
0.0 0.293
0.0 0.014
0.0 0.037
0.0 0.057
0.0 0.016
0.0 0.015
0.0 0.018
0.0 0.014
0.0 0.017
0.0 0.020
0.0 0.039
0.0 0.075
0.0 0.128
0.0 0.105
0.0 0.037
0.0 0.036
0.0 0.022
0.0 0.017
0.0 0.064
0.0 0.017
0.0 0.016
0.0 0.027
0.0 0.020
0.0 0.020
0.0 0.057
0.0 0.029
0.0 0.021
0.0 0.056
0.0 0.107
0.0 0.080
0.0 0.016
0.0 0.019
0.0 0.012
0.0 0.032
0.0 0.026
0.0 0.031
0.0 0.134
0.0 0.015
0.0 0.016
0.0 0.027
0.0 0.017
0.0 0.017
0.0 0.015
0.0 0.022
0.0 0.022
0.0 0.042
0.0 0.034
1.0 0.070
0.0 0.078
0.0 0.023
0.0 0.134
0.0 0.031
0.0 0.034
1.0 0.171
0.0 0.015
0.0 0.048
0.0 0.018
0.0 0.015
0.0 0.017
0.0 0.038
0.0 0.032
0.0 0.015
0.0 0.035
0.0 0.218
0.0 0.104
0.0 0.012
0.0 0.024
0.0 0.018
0.0 0.107
0.0 0.049
0.0 0.010
0.0 0.077
0.0 0.017
0.0 0.015
0.0 0.024
0.0 0.016
0.0 0.050
1.0 0.045
0.0 0.020
0.0 0.091
0.0 0.048
0.0 0.073
0.0 0.014
0.0 0.018
0.0 0.019
0.0 0.089
0.0 0.106
0.0 0.021
0.0 0.020
0.0 0.012
0.0 0.017
0.0 0.013
0.0 0.014
0.0 0.018
0.0 0.014
0.0 0.016
0.0 0.025
0.0 0.026
0.0 0.047
0.0 0.057
0.0 0.015
0.0 0.019
0.0 0.024
0.0 0.016
0.0 0.035
0.0 0.044
0.0 0.026
0.0 0.013
0.0 0.103
0.0 0.021
0.0 0.036
0.0 0.039
0.0 0.105
0.0 0.019
0.0 0.151
0.0 0.016
0.0 0.013
0.0 0.036
0.0 0.017
0.0 0.012
0.0 0.019
0.0 0.055
0.0 0.031
0.0 0.084
0.0 0.040
1.0 0.156
0.0 0.013
0.0 0.028
0.0 0.109
0.0 0.100
0.0 0.019
0.0 0.028
0.0 0.024
0.0 0.018
0.0 0.018
0.0 0.049
0.0 0.013
0.0 0.020
0.0 0.044
1.0 0.061
0.0 0.029
0.0 0.035
0.0 0.028
0.0 0.016
0.0 0.015
0.0 0.026
1.0 0.104
0.0 0.018
0.0 0.031
0.0 0.023
0.0 0.013
0.0 0.039
0.0 0.030
0.0 0.016
0.0 0.015
0.0 0.018
0.0 0.043
0.0 0.053
0.0 0.023
0.0 0.102
0.0 0.025
0.0 0.017
0.0 0.031
0.0 0.047
0.0 0.019
0.0 0.023
0.0 0.016
0.0 0.017
0.0 0.028
0.0 0.100
0.0 0.040
0.0 0.021
0.0 0.016
0.0 0.013
0.0 0.020
0.0 0.019
0.0 0.023
1.0 0.161
0.0 0.013
0.0 0.028
0.0 0.020
0.0 0.243
0.0 0.049
0.0 0.017
0.0 0.022
0.0 0.020
0.0 0.015
0.0 0.017
0.0 0.014
0.0 0.015
0.0 0.017
0.0 0.015
0.0 0.063
0.0 0.012
0.0 0.017
0.0 0.015
0.0 0.045
0.0 0.092
0.0 0.027
0.0 0.018
0.0 0.026
0.0 0.103
0.0 0.017
0.0 0.021
0.0 0.195
1.0 0.106
0.0 0.014
0.0 0.020
0.0 0.032
0.0 0.027
0.0 0.015
0.0 0.091
0.0 0.016
0.0 0.017
0.0 0.053
0.0 0.017
1.0 0.106
0.0 0.014
0.0 0.025
0.0 0.034
0.0 0.017
0.0 0.029
0.0 0.023
0.0 0.035
0.0 0.018
0.0 0.022
0.0 0.014
0.0 0.012
0.0 0.068
0.0 0.025
0.0 0.017
0.0 0.030
0.0 0.031
1.0 0.028
0.0 0.027
0.0 0.025
0.0 0.018
0.0 0.018
0.0 0.022
0.0 0.013
0.0 0.019
0.0 0.074
0.0 0.028
0.0 0.019
0.0 0.016
0.0 0.026
0.0 0.024
0.0 0.044
0.0 0.103
0.0 0.022
0.0 0.103
0.0 0.021
0.0 0.013
0.0 0.016
0.0 0.032
0.0 0.054
0.0 0.014
0.0 0.023
0.0 0.017
0.0 0.023
0.0 0.102
0.0 0.022
0.0 0.015
0.0 0.019
0.0 0.021
0.0 0.012
0.0 0.058
0.0 0.036
0.0 0.018
0.0 0.067
0.0 0.022
0.0 0.105
0.0 0.013
0.0 0.017
0.0 0.025
0.0 0.036
1.0 0.175
0.0 0.012
0.0 0.027
0.0 0.014
0.0 0.035
0.0 0.135
0.0 0.018
0.0 0.021
0.0 0.072
1.0 0.297
0.0 0.014
0.0 0.024
0.0 0.043
0.0 0.026
0.0 0.081
0.0 0.016
0.0 0.015
0.0 0.022
0.0 0.016
0.0 0.015
0.0 0.120
0.0 0.017
1.0 0.127
0.0 0.168
0.0 0.057
0.0 0.025
0.0 0.107
0.0 0.017
0.0 0.016
0.0 0.015
0.0 0.015
0.0 0.014
0.0 0.024
0.0 0.013
0.0 0.016
0.0 0.013
0.0 0.014
0.0 0.062
0.0 0.031
1.0 0.104
0.0 0.016
0.0 0.018
1.0 0.105
0.0 0.015
0.0 0.014
0.0 0.018
0.0 0.019
0.0 0.011
0.0 0.017
0.0 0.028
1.0 0.103
0.0 0.017
0.0 0.059
0.0 0.016
0.0 0.013
0.0 0.012
0.0 0.033
0.0 0.016
0.0 0.151
0.0 0.041
0.0 0.013
0.0 0.015
0.0 0.044
0.0 0.014
0.0 0.044
0.0 0.016
0.0 0.014
0.0 0.015
0.0 0.026
0.0 0.015
0.0 0.021
0.0 0.015
0.0 0.059
1.0 0.103
0.0 0.046
0.0 0.018
0.0 0.025
0.0 0.016
0.0 0.023
0.0 0.022
0.0 0.025
1.0 0.252
0.0 0.105
0.0 0.023
0.0 0.060
0.0 0.062
0.0 0.148
0.0 0.016
0.0 0.034
0.0 0.013
0.0 0.020
0.0 0.024
0.0 0.014
0.0 0.017
0.0 0.015
0.0 0.026
0.0 0.181
0.0 0.017
0.0 0.015
0.0 0.018
0.0 0.026
0.0 0.015
0.0 0.014
0.0 0.021
0.0 0.024
0.0 0.012
0.0 0.106
0.0 0.015
0.0 0.015
0.0 0.024
0.0 0.018
0.0 0.018
0.0 0.105
0.0 0.038
0.0 0.016
0.0 0.025
0.0 0.017
0.0 0.021
0.0 0.013
0.0 0.229
0.0 0.034
0.0 0.040
0.0 0.015
0.0 0.015
0.0 0.020
0.0 0.017
0.0 0.104
0.0 0.015
0.0 0.088
0.0 0.040
0.0 0.028
1.0 0.105
0.0 0.105
0.0 0.014
0.0 0.065
0.0 0.014
0.0 0.014
0.0 0.023
0.0 0.018
0.0 0.023
0.0 0.015
0.0 0.015
0.0 0.015
1.0 0.064
0.0 0.033
1.0 0.189
0.0 0.029
0.0 0.014
0.0 0.040
0.0 0.033
0.0 0.018
0.0 0.090
0.0 0.013
0.0 0.024
0.0 0.034
0.0 0.018
0.0 0.019
0.0 0.200
0.0 0.021
0.0 0.014
1.0 0.198
1.0 0.105
0.0 0.027
0.0 0.028
0.0 0.016
0.0 0.033
0.0 0.018
0.0 0.019
0.0 0.029
0.0 0.027
1.0 0.305
0.0 0.016
0.0 0.020
0.0 0.020
0.0 0.017
0.0 0.012
0.0 0.073
0.0 0.028
0.0 0.023
0.0 0.029
0.0 0.016
0.0 0.046
0.0 0.022
0.0 0.017
0.0 0.018
0.0 0.014
0.0 0.105
0.0 0.074
0.0 0.022
0.0 0.107
0.0 0.177
0.0 0.012
0.0 0.056
0.0 0.105
0.0 0.016
0.0 0.015
0.0 0.017
0.0 0.028
0.0 0.019
0.0 0.015
0.0 0.016
0.0 0.015
0.0 0.077
0.0 0.014
0.0 0.018
0.0 0.015
0.0 0.031
0.0 0.031
0.0 0.014
0.0 0.013
0.0 0.019
0.0 0.019
0.0 0.027
0.0 0.030
0.0 0.017
0.0 0.014
0.0 0.017
0.0 0.174
0.0 0.027
0.0 0.014
1.0 0.099
0.0 0.106
0.0 0.014
0.0 0.018
0.0 0.022
0.0 0.016
0.0 0.067
0.0 0.025
0.0 0.030
0.0 0.016
0.0 0.020
0.0 0.037
0.0 0.020
0.0 0.016
0.0 0.046
0.0 0.289
0.0 0.014
0.0 0.018
0.0 0.022
0.0 0.016
0.0 0.022
1.0 0.257
0.0 0.021
0.0 0.026
0.0 0.035
0.0 0.106
0.0 0.017
0.0 0.025
0.0 0.018
0.0 0.024
0.0 0.020
0.0 0.142
0.0 0.018
0.0 0.023
0.0 0.013
0.0 0.046
0.0 0.025
0.0 0.022
0.0 0.014
0.0 0.013
0.0 0.016
0.0 0.140
0.0 0.023
0.0 0.018
0.0 0.017
0.0 0.018
0.0 0.013
0.0 0.015
0.0 0.263
0.0 0.019
1.0 0.233
0.0 0.104
0.0 0.460
0.0 0.032
0.0 0.015
0.0 0.036
0.0 0.013
0.0 0.024
0.0 0.026
0.0 0.096
0.0 0.017
0.0 0.017
0.0 0.106
0.0 0.014
0.0 0.024
0.0 0.023
0.0 0.014
0.0 0.038
0.0 0.023
0.0 0.024
0.0 0.018
0.0 0.016
0.0 0.018
0.0 0.032
0.0 0.038
0.0 0.018
0.0 0.026
0.0 0.031
1.0 0.094
0.0 0.024
0.0 0.012
0.0 0.015
0.0 0.017
0.0 0.034
0.0 0.018
0.0 0.017
0.0 0.014
0.0 0.032
1.0 0.065
0.0 0.014
1.0 0.032
0.0 0.037
0.0 0.016
0.0 0.021
0.0 0.016
0.0 0.084
0.0 0.022
0.0 0.034
0.0 0.190
1.0 0.018
0.0 0.024
0.0 0.016
0.0 0.017
0.0 0.103
0.0 0.031
0.0 0.104
0.0 0.037
0.0 0.017
0.0 0.033
0.0 0.014
0.0 0.022
0.0 0.013
0.0 0.018
0.0 0.015
0.0 0.016
0.0 0.032
0.0 0.105
0.0 0.106
0.0 0.014
0.0 0.023
0.0 0.107
0.0 0.157
0.0 0.017
0.0 0.012
0.0 0.015
0.0 0.018
0.0 0.016
0.0 0.051
0.0 0.015
0.0 0.104
0.0 0.027
1.0 0.026
0.0 0.126
0.0 0.014
0.0 0.051
0.0 0.045
0.0 0.102
0.0 0.015
0.0 0.020
0.0 0.023
0.0 0.148
0.0 0.089
0.0 0.107
0.0 0.019
0.0 0.018
0.0 0.013
0.0 0.014
0.0 0.014
0.0 0.020
0.0 0.014
0.0 0.091
0.0 0.140
0.0 0.015
0.0 0.033
0.0 0.016
0.0 0.013
0.0 0.017
1.0 0.029
0.0 0.018
0.0 0.014
0.0 0.030
0.0 0.011
0.0 0.020
0.0 0.018
0.0 0.165
0.0 0.022
0.0 0.030
0.0 0.029
0.0 0.023
0.0 0.036
0.0 0.015
0.0 0.013
0.0 0.044
0.0 0.029
0.0 0.017
0.0 0.018
0.0 0.101
0.0 0.022
0.0 0.014
0.0 0.046
0.0 0.018
0.0 0.022
0.0 0.017
0.0 0.022
0.0 0.068
0.0 0.030
0.0 0.104
0.0 0.022
0.0 0.020
0.0 0.104
0.0 0.085
0.0 0.104
0.0 0.023
0.0 0.015
0.0 0.018
0.0 0.024
0.0 0.417
0.0 0.038
0.0 0.016
0.0 0.014
0.0 0.014
0.0 0.040
0.0 0.080
0.0 0.014
0.0 0.016
0.0 0.019
0.0 0.105
0.0 0.015
0.0 0.023
0.0 0.015
0.0 0.018
0.0 0.017
0.0 0.018
0.0 0.016
0.0 0.016
0.0 0.030
0.0 0.038
0.0 0.124
0.0 0.017
0.0 0.016
0.0 0.047
0.0 0.016
0.0 0.016
0.0 0.104
0.0 0.021
0.0 0.013
0.0 0.020
0.0 0.045
0.0 0.024
0.0 0.017
0.0 0.021
0.0 0.039
0.0 0.020
0.0 0.054
0.0 0.028
1.0 0.103
0.0 0.019
0.0 0.016
0.0 0.015
0.0 0.013
0.0 0.036
0.0 0.015
0.0 0.028
0.0 0.015
1.0 0.171
0.0 0.015
0.0 0.016
1.0 0.168
0.0 0.104
0.0 0.017
0.0 0.026
0.0 0.029
0.0 0.012
0.0 0.015
0.0 0.123
0.0 0.031
0.0 0.014
0.0 0.035
0.0 0.018
0.0 0.022
0.0 0.015
0.0 0.104
0.0 0.105
0.0 0.048
0.0 0.030
0.0 0.017
0.0 0.017
0.0 0.012
0.0 0.103
0.0 0.017
0.0 0.015
0.0 0.107
0.0 0.018
0.0 0.040
0.0 0.024
0.0 0.103
0.0 0.019
0.0 0.015
0.0 0.018
0.0 0.029
0.0 0.027
0.0 0.033
0.0 0.104
1.0 0.024
0.0 0.017
0.0 0.075
0.0 0.066
0.0 0.020
0.0 0.037
0.0 0.014
0.0 0.079
0.0 0.014
0.0 0.014
0.0 0.023
0.0 0.014
0.0 0.023
0.0 0.017
1.0 0.032
0.0 0.032
0.0 0.023
1.0 0.165
0.0 0.023
0.0 0.031
0.0 0.018
0.0 0.058
0.0 0.107
0.0 0.069
1.0 0.104
0.0 0.012
0.0 0.017
0.0 0.019
0.0 0.014
0.0 0.014
0.0 0.014
0.0 0.036
0.0 0.012
0.0 0.036
1.0 0.272
0.0 0.019
0.0 0.018
0.0 0.018
0.0 0.068
0.0 0.013
0.0 0.021
0.0 0.012
0.0 0.014
0.0 0.017
0.0 0.013
0.0 0.014
0.0 0.026
0.0 0.017
0.0 0.012
0.0 0.018
0.0 0.040
0.0 0.015
0.0 0.123
0.0 0.011
0.0 0.026
0.0 0.104
0.0 0.050
0.0 0.019
0.0 0.022
0.0 0.020
0.0 0.014
0.0 0.013
0.0 0.019
0.0 0.027
0.0 0.024
0.0 0.053
0.0 0.016
0.0 0.022
0.0 0.020
0.0 0.018
0.0 0.031
0.0 0.023
0.0 0.018
0.0 0.029
0.0 0.013
0.0 0.049
0.0 0.016
0.0 0.015
0.0 0.013
0.0 0.025
0.0 0.026
1.0 0.166
0.0 0.027
0.0 0.058
0.0 0.104
0.0 0.051
0.0 0.013
0.0 0.015
0.0 0.016
0.0 0.018
0.0 0.021
0.0 0.028
0.0 0.026
0.0 0.013
0.0 0.018
0.0 0.033
0.0 0.018
0.0 0.033
0.0 0.030
0.0 0.027
0.0 0.017
0.0 0.025
0.0 0.106
0.0 0.046
0.0 0.013
0.0 0.016
0.0 0.013
0.0 0.014
0.0 0.051
0.0 0.017
0.0 0.020
0.0 0.016
0.0 0.017
0.0 0.014
1.0 0.223
0.0 0.026
0.0 0.021
0.0 0.029
0.0 0.046
0.0 0.015
0.0 0.017
0.0 0.105
0.0 0.018
0.0 0.076
0.0 0.017
0.0 0.025
0.0 0.019
0.0 0.070
0.0 0.039
0.0 0.019
0.0 0.016
0.0 0.016
0.0 0.025
1.0 0.211
1.0 0.104
0.0 0.134
0.0 0.025
0.0 0.015
0.0 0.057
0.0 0.013
0.0 0.038
0.0 0.013
0.0 0.017
0.0 0.104
0.0 0.027
0.0 0.023
1.0 0.187
0.0 0.099
0.0 0.025
0.0 0.019
0.0 0.019
0.0 0.103
1.0 0.067
0.0 0.112
0.0 0.022
0.0 0.023
0.0 0.033
0.0 0.020
0.0 0.013
0.0 0.022
0.0 0.031
0.0 0.015
0.0 0.035
0.0 0.105
0.0 0.016
0.0 0.032
0.0 0.030
0.0 0.017
1.0 0.082
0.0 0.024
0.0 0.044
0.0 0.073
0.0 0.022
0.0 0.030
0.0 0.104
0.0 0.015
0.0 0.022
0.0 0.105
0.0 0.104
0.0 0.201
0.0 0.163
0.0 0.051
0.0 0.014
0.0 0.020
0.0 0.014
0.0 0.014
0.0 0.136
0.0 0.059
0.0 0.024
0.0 0.019
0.0 0.020
0.0 0.035
0.0 0.040
1.0 0.103
0.0 0.018
0.0 0.021
0.0 0.017
1.0 0.104
0.0 0.050
0.0 0.022
0.0 0.042
1.0 0.223
0.0 0.018
0.0 0.026
0.0 0.023
0.0 0.024
1.0 0.105
0.0 0.024
0.0 0.103
0.0 0.016
0.0 0.020
0.0 0.022
0.0 0.014
0.0 0.027
0.0 0.050
0.0 0.016
0.0 0.018
0.0 0.015
0.0 0.079
0.0 0.065
0.0 0.106
0.0 0.017
1.0 0.106
0.0 0.014
0.0 0.063
0.0 0.013
0.0 0.013
0.0 0.107
0.0 0.018
0.0 0.116
0.0 0.024
0.0 0.017
0.0 0.106
0.0 0.021
0.0 0.349
0.0 0.079
0.0 0.070
0.0 0.014
0.0 0.020
0.0 0.018
0.0 0.043
0.0 0.016
0.0 0.046
0.0 0.047
0.0 0.015
0.0 0.042
0.0 0.015
0.0 0.013
0.0 0.024
1.0 0.064
0.0 0.105
0.0 0.012
0.0 0.066
0.0 0.187
0.0 0.020
0.0 0.014
0.0 0.019
0.0 0.015
0.0 0.025
0.0 0.020
0.0 0.059
0.0 0.020
0.0 0.030
0.0 0.030
0.0 0.023
0.0 0.014
0.0 0.013
0.0 0.013
1.0 0.155
0.0 0.016
0.0 0.049
0.0 0.043
0.0 0.026
0.0 0.021
0.0 0.029
1.0 0.104
0.0 0.149
0.0 0.013
0.0 0.022
0.0 0.020
0.0 0.022
0.0 0.029
0.0 0.106
0.0 0.027
0.0 0.012
1.0 0.103
0.0 0.026
1.0 0.037
0.0 0.020
0.0 0.013
0.0 0.016
0.0 0.015
0.0 0.020
0.0 0.019
1.0 0.023
0.0 0.038
0.0 0.014
0.0 0.034
0.0 0.017
0.0 0.037
0.0 0.017
0.0 0.104
0.0 0.018
1.0 0.150
0.0 0.045
0.0 0.047
0.0 0.018
0.0 0.012
0.0 0.056
0.0 0.018
0.0 0.019
0.0 0.014
0.0 0.106
0.0 0.056
0.0 0.102
1.0 0.193
1.0 0.261
0.0 0.045
0.0 0.024
0.0 0.067
0.0 0.031
0.0 0.057
0.0 0.020
0.0 0.017
0.0 0.025
0.0 0.018
0.0 0.023
0.0 0.204
0.0 0.033
0.0 0.018
0.0 0.103
0.0 0.040
0.0 0.013
0.0 0.014
0.0 0.019
0.0 0.016
0.0 0.018
1.0 0.104
0.0 0.024
1.0 0.103
1.0 0.066
0.0 0.076
0.0 0.039
0.0 0.101
0.0 0.017
0.0 0.106
0.0 0.055
0.0 0.026
0.0 0.015
0.0 0.022
0.0 0.044
0.0 0.103
0.0 0.016
0.0 0.012
0.0 0.019
0.0 0.017
0.0 0.016
0.0 0.014
0.0 0.025
0.0 0.014
1.0 0.091
0.0 0.019
0.0 0.017
0.0 0.146
0.0 0.015
0.0 0.027
0.0 0.038
0.0 0.215
0.0 0.013
0.0 0.013
0.0 0.015
0.0 0.014
1.0 0.104
0.0 0.017
0.0 0.028
0.0 0.023
0.0 0.017
0.0 0.016
0.0 0.025
0.0 0.026
0.0 0.023
0.0 0.015
0.0 0.011
0.0 0.020
0.0 0.064
0.0 0.026
0.0 0.107
0.0 0.070
0.0 0.015
0.0 0.023
0.0 0.031
0.0 0.022
0.0 0.028
0.0 0.013
0.0 0.075
0.0 0.016
1.0 0.040
0.0 0.023
0.0 0.021
0.0 0.078
0.0 0.104
0.0 0.015
1.0 0.104
0.0 0.014
0.0 0.015
0.0 0.016
0.0 0.017
0.0 0.021
0.0 0.018
0.0 0.017
0.0 0.029
0.0 0.018
0.0 0.155
0.0 0.014
0.0 0.015
1.0 0.241
0.0 0.016
0.0 0.014
0.0 0.016
0.0 0.105
0.0 0.027
0.0 0.016
0.0 0.104
0.0 0.016
0.0 0.023
0.0 0.014
0.0 0.024
0.0 0.022
0.0 0.018
0.0 0.107
0.0 0.017
0.0 0.018
0.0 0.051
0.0 0.017
0.0 0.033
0.0 0.030
0.0 0.023
0.0 0.015
0.0 0.021
0.0 0.028
0.0 0.014
0.0 0.019
0.0 0.035
0.0 0.040
0.0 0.025
0.0 0.105
0.0 0.018
0.0 0.038
0.0 0.019
0.0 0.015
0.0 0.021
0.0 0.101
1.0 0.102
0.0 0.047
0.0 0.013
0.0 0.032
0.0 0.012
0.0 0.016
0.0 0.105
0.0 0.107
0.0 0.041
0.0 0.015
0.0 0.038
0.0 0.024
0.0 0.104
0.0 0.014
0.0 0.096
0.0 0.025
0.0 0.013
0.0 0.030
0.0 0.021
0.0 0.106
0.0 0.029
0.0 0.108
0.0 0.013
0.0 0.015
0.0 0.021
0.0 0.016
0.0 0.039
0.0 0.043
0.0 0.018
0.0 0.041
0.0 0.102
0.0 0.106
0.0 0.024
0.0 0.020
0.0 0.019
0.0 0.021
0.0 0.014
0.0 0.013
0.0 0.018
0.0 0.031
0.0 0.033
0.0 0.088
0.0 0.020
0.0 0.032
0.0 0.019
0.0 0.024
0.0 0.108
0.0 0.016
0.0 0.025
0.0 0.099
1.0 0.016
0.0 0.025
0.0 0.027
0.0 0.024
0.0 0.013
1.0 0.106
0.0 0.043
0.0 0.040
0.0 0.022
0.0 0.037
0.0 0.031
0.0 0.042
0.0 0.015
0.0 0.103
0.0 0.028
0.0 0.016
0.0 0.029
0.0 0.012
0.0 0.025
0.0 0.012
0.0 0.026
1.0 0.105
0.0 0.105
0.0 0.024
0.0 0.015
0.0 0.030
0.0 0.031
0.0 0.020
0.0 0.028
0.0 0.044
0.0 0.020
0.0 0.075
0.0 0.023
0.0 0.019
0.0 0.024
0.0 0.015
0.0 0.021
0.0 0.137
0.0 0.014
0.0 0.016
1.0 0.097
0.0 0.012
0.0 0.024
0.0 0.038
0.0 0.016
0.0 0.108
0.0 0.056
0.0 0.103
0.0 0.019
0.0 0.013
0.0 0.049
1.0 0.073
0.0 0.014
0.0 0.033
0.0 0.021
0.0 0.021
0.0 0.103
1.0 0.175
0.0 0.021
1.0 0.051
0.0 0.013
0.0 0.036
0.0 0.203
0.0 0.014
0.0 0.016
0.0 0.012
0.0 0.021
0.0 0.015
0.0 0.016
0.0 0.017
0.0 0.027
1.0 0.104
0.0 0.015
0.0 0.019
0.0 0.038
0.0 0.023
0.0 0.025
0.0 0.023
0.0 0.025
0.0 0.061
0.0 0.075
0.0 0.016
0.0 0.014
0.0 0.016
0.0 0.151
0.0 0.032
0.0 0.026
0.0 0.013
0.0 0.032
0.0 0.019
0.0 0.018
0.0 0.103
0.0 0.017
0.0 0.015
0.0 0.018
1.0 0.106
1.0 0.019
0.0 0.026
0.0 0.014
0.0 0.158
0.0 0.019
0.0 0.237
0.0 0.016
0.0 0.019
0.0 0.025
1.0 0.101
0.0 0.020
0.0 0.028
0.0 0.012
0.0 0.104
0.0 0.024
0.0 0.051
0.0 0.292
0.0 0.020
0.0 0.048
0.0 0.045
0.0 0.012
0.0 0.013
0.0 0.020
0.0 0.023
0.0 0.016
0.0 0.024
0.0 0.104
0.0 0.193
0.0 0.103
0.0 0.019
0.0 0.019
0.0 0.015
0.0 0.017
0.0 0.048
0.0 0.014
0.0 0.029
0.0 0.017
0.0 0.053
0.0 0.026
