0.0 0.125
0.0 0.112
0.0 0.267
0.0 0.244
0.0 0.131
0.0 0.068
0.0 0.398
0.0 0.077
0.0 0.206
0.0 0.136
0.0 0.161
0.0 0.350
0.0 0.088
0.0 0.147
0.0 0.291
0.0 0.072
0.0 0.485
0.0 0.127
0.0 0.155
0.0 0.069
0.0 0.205
0.0 0.132
0.0 0.185
0.0 0.373
0.0 0.073
0.0 0.072
0.0 0.138
0.0 0.223
0.0 0.143
0.0 0.398
0.0 0.076
0.0 0.144
0.0 0.105
0.0 0.095
0.0 0.384
0.0 0.106
0.0 0.083
0.0 0.105
0.0 0.076
0.0 0.093
0.0 0.316
0.0 0.115
0.0 0.129
0.0 0.078
0.0 0.052
0.0 0.086
0.0 0.127
0.0 0.056
0.0 0.336
0.0 0.138
0.0 0.136
0.0 0.130
0.0 0.065
0.0 0.325
0.0 0.090
0.0 0.146
0.0 0.084
0.0 0.063
0.0 0.067
0.0 0.174
0.0 0.106
0.0 0.208
0.0 0.174
0.0 0.103
0.0 0.077
1.0 0.440
1.0 0.654
1.0 0.358
1.0 0.275
1.0 0.612
1.0 0.368
1.0 0.324
1.0 0.797
1.0 0.146
1.0 0.275
1.0 0.705
1.0 0.647
1.0 0.641
1.0 0.814
1.0 0.637
1.0 0.247
1.0 0.814
1.0 0.421
1.0 0.616
1.0 0.238
1.0 0.212
1.0 0.784
1.0 0.772
1.0 0.497
1.0 0.707
1.0 0.361
1.0 0.802
1.0 0.816
1.0 0.202
1.0 0.764
1.0 0.513
1.0 0.501
1.0 0.719
1.0 0.689
1.0 0.821
1.0 0.475
1.0 0.409
1.0 0.761
1.0 0.635
1.0 0.411
1.0 0.242
1.0 0.623
1.0 0.871
1.0 0.400
1.0 0.384
1.0 0.825
1.0 0.776
1.0 0.800
1.0 0.245
1.0 0.797
1.0 0.697
1.0 0.449
1.0 0.847
1.0 0.144
1.0 0.813
1.0 0.728
1.0 0.303
1.0 0.884
1.0 0.797
1.0 0.575
1.0 0.355
1.0 0.849
1.0 0.786
1.0 0.343
1.0 0.839
1.0 0.862
1.0 0.714
