0.0 0.095
0.0 0.040
0.0 0.028
0.0 0.051
0.0 0.112
0.0 0.071
0.0 0.049
0.0 0.070
0.0 0.033
0.0 0.072
0.0 0.005
0.0 0.017
0.0 0.025
0.0 0.015
0.0 0.023
0.0 0.032
0.0 0.129
0.0 0.212
0.0 0.314
0.0 0.002
0.0 0.050
0.0 0.048
0.0 0.020
0.0 0.253
0.0 0.086
0.0 0.262
0.0 0.043
0.0 0.004
0.0 0.044
0.0 0.166
0.0 0.045
0.0 0.016
1.0 0.052
0.0 0.017
0.0 0.052
0.0 0.065
0.0 0.061
0.0 0.231
1.0 0.086
0.0 0.224
0.0 0.018
0.0 0.011
0.0 0.069
0.0 0.063
0.0 0.015
0.0 0.021
1.0 0.127
0.0 0.085
0.0 0.073
0.0 0.018
0.0 0.008
0.0 0.018
0.0 0.024
0.0 0.023
0.0 0.296
0.0 0.297
0.0 0.020
0.0 0.014
0.0 0.101
0.0 0.129
0.0 0.041
0.0 0.089
0.0 0.066
0.0 0.198
0.0 0.114
0.0 0.032
0.0 0.006
0.0 0.009
0.0 0.026
0.0 0.062
1.0 0.175
0.0 0.088
0.0 0.013
0.0 0.333
0.0 0.243
0.0 0.033
0.0 0.296
0.0 0.010
0.0 0.171
0.0 0.249
0.0 0.102
0.0 0.086
0.0 0.016
0.0 0.095
0.0 0.043
0.0 0.055
0.0 0.008
0.0 0.096
0.0 0.287
0.0 0.017
0.0 0.053
0.0 0.039
0.0 0.114
0.0 0.029
0.0 0.012
0.0 0.028
0.0 0.021
0.0 0.190
0.0 0.096
0.0 0.123
0.0 0.039
0.0 0.005
0.0 0.018
0.0 0.040
0.0 0.046
1.0 0.184
0.0 0.061
0.0 0.021
0.0 0.033
0.0 0.035
0.0 0.017
0.0 0.224
0.0 0.015
0.0 0.019
0.0 0.114
0.0 0.129
0.0 0.020
0.0 0.027
0.0 0.224
0.0 0.267
0.0 0.054
0.0 0.024
0.0 0.013
0.0 0.028
0.0 0.006
0.0 0.026
0.0 0.093
0.0 0.078
0.0 0.014
0.0 0.039
0.0 0.064
0.0 0.127
0.0 0.024
0.0 0.021
0.0 0.016
0.0 0.344
1.0 0.025
0.0 0.043
0.0 0.018
0.0 0.248
0.0 0.013
0.0 0.030
0.0 0.030
0.0 0.014
0.0 0.198
0.0 0.010
0.0 0.013
0.0 0.020
0.0 0.028
0.0 0.019
0.0 0.034
0.0 0.014
0.0 0.058
0.0 0.032
0.0 0.181
0.0 0.002
0.0 0.011
0.0 0.048
0.0 0.090
0.0 0.010
0.0 0.014
0.0 0.180
0.0 0.033
0.0 0.020
0.0 0.020
0.0 0.026
0.0 0.015
0.0 0.022
0.0 0.005
1.0 0.122
0.0 0.024
0.0 0.044
0.0 0.009
0.0 0.120
0.0 0.014
0.0 0.060
0.0 0.015
1.0 0.115
0.0 0.031
1.0 0.116
0.0 0.434
0.0 0.034
0.0 0.028
0.0 0.256
0.0 0.026
0.0 0.192
0.0 0.008
0.0 0.038
0.0 0.148
0.0 0.109
0.0 0.014
0.0 0.029
0.0 0.145
1.0 0.221
0.0 0.113
0.0 0.125
0.0 0.031
0.0 0.032
0.0 0.103
0.0 0.098
0.0 0.013
0.0 0.040
0.0 0.098
0.0 0.084
0.0 0.118
0.0 0.104
0.0 0.084
0.0 0.025
0.0 0.032
0.0 0.015
0.0 0.435
0.0 0.033
1.0 0.178
0.0 0.009
0.0 0.018
0.0 0.015
0.0 0.059
0.0 0.004
0.0 0.026
0.0 0.024
0.0 0.013
0.0 0.003
0.0 0.038
0.0 0.020
0.0 0.020
0.0 0.037
0.0 0.020
0.0 0.022
0.0 0.114
1.0 0.050
1.0 0.368
0.0 0.007
0.0 0.036
0.0 0.033
0.0 0.049
0.0 0.127
0.0 0.052
0.0 0.041
0.0 0.116
0.0 0.030
0.0 0.414
0.0 0.034
1.0 0.085
0.0 0.012
0.0 0.021
1.0 0.111
0.0 0.022
0.0 0.006
0.0 0.123
0.0 0.043
0.0 0.174
0.0 0.024
0.0 0.030
0.0 0.029
0.0 0.107
0.0 0.007
0.0 0.038
0.0 0.099
0.0 0.011
0.0 0.023
0.0 0.142
0.0 0.007
0.0 0.056
0.0 0.023
0.0 0.030
0.0 0.388
0.0 0.031
0.0 0.020
0.0 0.007
0.0 0.150
0.0 0.356
0.0 0.016
0.0 0.025
0.0 0.044
0.0 0.084
0.0 0.010
1.0 0.212
1.0 0.061
0.0 0.018
0.0 0.144
0.0 0.013
0.0 0.013
0.0 0.028
0.0 0.076
0.0 0.072
0.0 0.115
0.0 0.073
0.0 0.207
0.0 0.046
0.0 0.170
0.0 0.026
0.0 0.055
0.0 0.003
0.0 0.126
0.0 0.137
0.0 0.158
0.0 0.112
0.0 0.031
0.0 0.115
0.0 0.011
0.0 0.013
0.0 0.010
0.0 0.033
0.0 0.097
0.0 0.119
0.0 0.048
1.0 0.015
0.0 0.186
0.0 0.018
0.0 0.034
0.0 0.136
1.0 0.213
0.0 0.023
0.0 0.100
0.0 0.020
0.0 0.012
0.0 0.232
0.0 0.152
0.0 0.007
0.0 0.034
0.0 0.016
0.0 0.017
0.0 0.064
0.0 0.037
0.0 0.111
0.0 0.011
0.0 0.076
0.0 0.076
0.0 0.251
0.0 0.095
0.0 0.018
0.0 0.048
0.0 0.424
0.0 0.179
0.0 0.040
0.0 0.110
0.0 0.016
1.0 0.257
0.0 0.023
0.0 0.022
0.0 0.045
0.0 0.029
0.0 0.117
0.0 0.053
0.0 0.010
0.0 0.052
1.0 0.202
0.0 0.007
0.0 0.014
0.0 0.024
0.0 0.026
0.0 0.034
0.0 0.019
0.0 0.031
0.0 0.014
0.0 0.014
0.0 0.064
0.0 0.094
0.0 0.124
0.0 0.113
0.0 0.011
0.0 0.025
0.0 0.015
0.0 0.085
0.0 0.327
0.0 0.032
0.0 0.008
0.0 0.008
0.0 0.007
0.0 0.411
0.0 0.029
0.0 0.025
0.0 0.021
0.0 0.026
0.0 0.071
0.0 0.005
1.0 0.116
0.0 0.219
0.0 0.018
0.0 0.088
0.0 0.146
0.0 0.048
0.0 0.050
0.0 0.024
0.0 0.104
0.0 0.014
0.0 0.105
0.0 0.034
0.0 0.008
0.0 0.125
0.0 0.071
0.0 0.044
0.0 0.016
0.0 0.066
0.0 0.029
0.0 0.071
0.0 0.011
0.0 0.020
0.0 0.059
0.0 0.125
0.0 0.013
0.0 0.021
0.0 0.079
0.0 0.095
0.0 0.031
0.0 0.028
1.0 0.396
0.0 0.067
0.0 0.093
0.0 0.054
0.0 0.011
0.0 0.370
0.0 0.155
0.0 0.018
0.0 0.010
0.0 0.007
0.0 0.025
0.0 0.022
0.0 0.015
0.0 0.012
0.0 0.006
0.0 0.013
0.0 0.021
0.0 0.045
0.0 0.012
0.0 0.055
0.0 0.011
0.0 0.010
0.0 0.039
0.0 0.042
0.0 0.046
0.0 0.106
0.0 0.193
0.0 0.023
0.0 0.118
0.0 0.076
0.0 0.073
0.0 0.174
0.0 0.416
0.0 0.030
1.0 0.084
0.0 0.102
0.0 0.020
0.0 0.030
0.0 0.108
0.0 0.020
0.0 0.195
0.0 0.072
0.0 0.018
0.0 0.029
0.0 0.019
0.0 0.129
0.0 0.032
1.0 0.049
0.0 0.031
0.0 0.128
0.0 0.031
0.0 0.019
0.0 0.039
0.0 0.100
0.0 0.069
0.0 0.105
0.0 0.014
0.0 0.037
0.0 0.010
0.0 0.006
0.0 0.006
0.0 0.098
0.0 0.022
0.0 0.082
0.0 0.034
0.0 0.039
0.0 0.033
0.0 0.074
0.0 0.048
0.0 0.233
0.0 0.118
0.0 0.027
0.0 0.039
0.0 0.036
0.0 0.024
0.0 0.053
0.0 0.257
0.0 0.031
0.0 0.056
0.0 0.007
0.0 0.106
0.0 0.121
0.0 0.138
0.0 0.023
0.0 0.134
0.0 0.022
0.0 0.018
0.0 0.121
0.0 0.268
0.0 0.092
0.0 0.138
0.0 0.072
0.0 0.012
0.0 0.018
0.0 0.101
0.0 0.026
0.0 0.023
0.0 0.124
0.0 0.016
0.0 0.011
0.0 0.026
0.0 0.080
0.0 0.023
0.0 0.109
0.0 0.052
0.0 0.103
0.0 0.061
0.0 0.179
0.0 0.015
0.0 0.036
0.0 0.024
0.0 0.005
0.0 0.025
0.0 0.018
0.0 0.026
0.0 0.020
0.0 0.227
0.0 0.036
0.0 0.055
1.0 0.171
0.0 0.030
0.0 0.011
0.0 0.033
0.0 0.026
1.0 0.109
0.0 0.095
0.0 0.036
0.0 0.107
0.0 0.089
1.0 0.040
0.0 0.023
0.0 0.143
0.0 0.010
0.0 0.026
0.0 0.019
0.0 0.012
1.0 0.104
0.0 0.007
0.0 0.012
0.0 0.020
0.0 0.014
0.0 0.145
0.0 0.166
0.0 0.026
0.0 0.128
0.0 0.006
0.0 0.012
1.0 0.251
0.0 0.044
0.0 0.021
1.0 0.121
0.0 0.045
0.0 0.062
0.0 0.019
0.0 0.015
0.0 0.005
0.0 0.019
0.0 0.009
0.0 0.193
0.0 0.060
0.0 0.017
0.0 0.033
0.0 0.034
0.0 0.024
0.0 0.026
0.0 0.148
0.0 0.007
0.0 0.326
0.0 0.011
0.0 0.029
0.0 0.038
1.0 0.157
0.0 0.041
0.0 0.047
0.0 0.167
0.0 0.037
0.0 0.015
0.0 0.020
0.0 0.026
0.0 0.080
0.0 0.077
0.0 0.017
1.0 0.246
0.0 0.038
0.0 0.132
0.0 0.056
0.0 0.006
0.0 0.028
0.0 0.038
0.0 0.026
0.0 0.016
0.0 0.144
0.0 0.191
0.0 0.130
0.0 0.014
0.0 0.022
0.0 0.004
0.0 0.045
0.0 0.016
0.0 0.060
0.0 0.020
1.0 0.186
0.0 0.015
0.0 0.098
0.0 0.136
0.0 0.010
0.0 0.030
0.0 0.074
0.0 0.032
0.0 0.028
0.0 0.307
0.0 0.066
0.0 0.085
0.0 0.005
0.0 0.003
0.0 0.023
0.0 0.131
0.0 0.147
0.0 0.120
0.0 0.047
0.0 0.194
0.0 0.047
0.0 0.038
0.0 0.013
0.0 0.025
0.0 0.014
0.0 0.004
0.0 0.028
0.0 0.011
0.0 0.225
0.0 0.055
0.0 0.116
0.0 0.065
0.0 0.073
0.0 0.027
0.0 0.039
0.0 0.021
0.0 0.005
0.0 0.058
0.0 0.020
0.0 0.009
0.0 0.044
0.0 0.033
0.0 0.075
0.0 0.115
0.0 0.045
0.0 0.021
0.0 0.006
0.0 0.082
1.0 0.063
0.0 0.025
0.0 0.026
0.0 0.046
0.0 0.079
0.0 0.113
0.0 0.430
0.0 0.166
0.0 0.077
0.0 0.083
0.0 0.022
0.0 0.039
0.0 0.041
0.0 0.170
0.0 0.124
0.0 0.060
0.0 0.024
0.0 0.052
0.0 0.032
0.0 0.040
0.0 0.091
0.0 0.179
0.0 0.018
0.0 0.032
0.0 0.036
0.0 0.020
0.0 0.017
0.0 0.079
0.0 0.158
0.0 0.074
0.0 0.011
0.0 0.056
0.0 0.023
0.0 0.069
0.0 0.063
0.0 0.005
1.0 0.072
0.0 0.028
0.0 0.080
0.0 0.034
0.0 0.070
0.0 0.020
1.0 0.265
0.0 0.096
0.0 0.046
0.0 0.054
0.0 0.009
0.0 0.019
0.0 0.033
0.0 0.017
1.0 0.363
0.0 0.031
0.0 0.292
0.0 0.043
0.0 0.090
0.0 0.050
0.0 0.321
0.0 0.019
0.0 0.025
0.0 0.013
0.0 0.008
0.0 0.112
0.0 0.038
0.0 0.013
0.0 0.009
0.0 0.018
0.0 0.015
0.0 0.014
0.0 0.052
1.0 0.064
0.0 0.035
0.0 0.173
0.0 0.130
0.0 0.025
0.0 0.003
0.0 0.021
0.0 0.124
0.0 0.064
0.0 0.093
0.0 0.013
0.0 0.118
0.0 0.047
0.0 0.012
0.0 0.029
0.0 0.092
0.0 0.025
0.0 0.196
0.0 0.033
0.0 0.048
0.0 0.012
0.0 0.119
0.0 0.026
0.0 0.042
0.0 0.025
0.0 0.012
0.0 0.026
0.0 0.050
0.0 0.000
0.0 0.365
0.0 0.045
0.0 0.127
0.0 0.158
1.0 0.117
1.0 0.130
0.0 0.144
0.0 0.058
0.0 0.023
0.0 0.019
1.0 0.093
0.0 0.020
0.0 0.006
0.0 0.024
0.0 0.004
0.0 0.370
0.0 0.116
0.0 0.178
0.0 0.022
0.0 0.117
0.0 0.004
0.0 0.091
0.0 0.019
0.0 0.009
0.0 0.264
0.0 0.027
0.0 0.005
0.0 0.031
0.0 0.020
0.0 0.010
0.0 0.048
0.0 0.128
0.0 0.021
0.0 0.067
0.0 0.023
0.0 0.013
0.0 0.021
0.0 0.022
0.0 0.037
0.0 0.046
0.0 0.119
0.0 0.057
0.0 0.040
0.0 0.041
0.0 0.010
0.0 0.015
0.0 0.016
0.0 0.119
0.0 0.007
0.0 0.035
0.0 0.038
0.0 0.094
0.0 0.009
0.0 0.056
0.0 0.014
0.0 0.027
0.0 0.175
0.0 0.140
0.0 0.110
0.0 0.332
0.0 0.017
0.0 0.011
0.0 0.046
0.0 0.049
0.0 0.021
0.0 0.136
0.0 0.155
0.0 0.028
1.0 0.048
0.0 0.014
0.0 0.103
0.0 0.117
1.0 0.076
0.0 0.027
0.0 0.041
0.0 0.010
0.0 0.068
0.0 0.122
0.0 0.041
0.0 0.006
0.0 0.016
0.0 0.012
0.0 0.027
0.0 0.015
0.0 0.017
0.0 0.084
0.0 0.029
0.0 0.020
0.0 0.031
0.0 0.006
0.0 0.021
0.0 0.208
0.0 0.020
0.0 0.029
0.0 0.023
0.0 0.012
0.0 0.163
0.0 0.225
0.0 0.025
0.0 0.014
0.0 0.381
0.0 0.034
0.0 0.033
0.0 0.004
0.0 0.014
0.0 0.131
0.0 0.116
0.0 0.020
0.0 0.028
0.0 0.095
0.0 0.062
0.0 0.023
0.0 0.020
0.0 0.032
0.0 0.036
0.0 0.015
1.0 0.062
0.0 0.029
0.0 0.024
0.0 0.101
0.0 0.015
0.0 0.032
0.0 0.168
0.0 0.022
1.0 0.232
0.0 0.027
0.0 0.009
0.0 0.320
1.0 0.134
0.0 0.057
0.0 0.021
0.0 0.014
0.0 0.021
0.0 0.025
0.0 0.011
0.0 0.029
0.0 0.151
0.0 0.046
1.0 0.271
0.0 0.028
0.0 0.352
0.0 0.011
0.0 0.022
0.0 0.123
0.0 0.046
0.0 0.203
0.0 0.082
0.0 0.038
1.0 0.091
0.0 0.014
0.0 0.006
0.0 0.026
0.0 0.289
0.0 0.045
0.0 0.119
0.0 0.080
0.0 0.018
1.0 0.275
0.0 0.331
0.0 0.107
0.0 0.106
1.0 0.173
0.0 0.022
0.0 0.028
0.0 0.058
0.0 0.037
0.0 0.130
0.0 0.164
0.0 0.079
0.0 0.008
0.0 0.092
0.0 0.015
0.0 0.028
0.0 0.038
0.0 0.034
0.0 0.007
1.0 0.079
0.0 0.180
0.0 0.013
0.0 0.078
0.0 0.008
1.0 0.135
0.0 0.014
0.0 0.067
0.0 0.037
0.0 0.028
0.0 0.017
1.0 0.109
0.0 0.028
0.0 0.023
0.0 0.130
0.0 0.018
0.0 0.011
1.0 0.028
0.0 0.044
0.0 0.026
0.0 0.076
0.0 0.039
0.0 0.028
0.0 0.289
0.0 0.263
0.0 0.040
0.0 0.013
0.0 0.015
0.0 0.048
0.0 0.023
0.0 0.064
0.0 0.020
0.0 0.013
0.0 0.184
0.0 0.138
0.0 0.022
0.0 0.068
0.0 0.021
0.0 0.217
0.0 0.024
0.0 0.031
1.0 0.176
0.0 0.046
0.0 0.017
0.0 0.057
0.0 0.114
0.0 0.004
0.0 0.203
0.0 0.007
0.0 0.039
0.0 0.079
0.0 0.005
0.0 0.023
0.0 0.021
0.0 0.098
0.0 0.317
0.0 0.046
0.0 0.027
0.0 0.031
0.0 0.097
0.0 0.020
0.0 0.010
1.0 0.242
0.0 0.033
0.0 0.043
0.0 0.032
0.0 0.064
0.0 0.037
0.0 0.138
0.0 0.036
0.0 0.074
0.0 0.024
0.0 0.044
0.0 0.023
0.0 0.346
0.0 0.020
0.0 0.016
0.0 0.027
0.0 0.036
0.0 0.018
0.0 0.029
0.0 0.021
0.0 0.016
0.0 0.049
0.0 0.015
0.0 0.085
0.0 0.025
0.0 0.042
0.0 0.051
0.0 0.257
0.0 0.011
0.0 0.030
0.0 0.053
0.0 0.014
0.0 0.107
0.0 0.026
0.0 0.104
0.0 0.145
0.0 0.019
0.0 0.015
0.0 0.168
0.0 0.063
0.0 0.050
0.0 0.299
0.0 0.010
0.0 0.005
0.0 0.010
0.0 0.024
0.0 0.005
0.0 0.055
0.0 0.115
1.0 0.071
0.0 0.106
0.0 0.016
0.0 0.035
1.0 0.125
0.0 0.066
0.0 0.020
0.0 0.015
0.0 0.097
0.0 0.021
0.0 0.248
0.0 0.026
0.0 0.146
0.0 0.060
0.0 0.093
0.0 0.016
0.0 0.018
1.0 0.098
0.0 0.031
0.0 0.005
0.0 0.027
0.0 0.057
0.0 0.015
0.0 0.021
0.0 0.047
0.0 0.033
0.0 0.039
0.0 0.009
0.0 0.148
1.0 0.181
0.0 0.123
0.0 0.002
0.0 0.021
0.0 0.022
0.0 0.012
0.0 0.156
0.0 0.051
0.0 0.011
0.0 0.034
0.0 0.026
0.0 0.296
0.0 0.000
0.0 0.030
0.0 0.119
0.0 0.019
0.0 0.034
0.0 0.075
0.0 0.035
0.0 0.011
0.0 0.020
0.0 0.017
0.0 0.034
0.0 0.165
0.0 0.030
0.0 0.093
0.0 0.081
0.0 0.046
1.0 0.107
1.0 0.108
0.0 0.093
0.0 0.017
0.0 0.016
0.0 0.034
0.0 0.024
0.0 0.019
0.0 0.000
0.0 0.022
0.0 0.135
0.0 0.115
0.0 0.030
0.0 0.028
0.0 0.011
0.0 0.283
0.0 0.040
0.0 0.058
0.0 0.100
0.0 0.113
0.0 0.024
0.0 0.016
0.0 0.044
0.0 0.021
0.0 0.024
0.0 0.023
1.0 0.198
0.0 0.041
0.0 0.026
0.0 0.051
0.0 0.030
0.0 0.285
0.0 0.042
0.0 0.108
0.0 0.239
0.0 0.129
0.0 0.022
0.0 0.130
0.0 0.321
0.0 0.189
0.0 0.025
0.0 0.017
0.0 0.048
0.0 0.014
0.0 0.021
0.0 0.052
0.0 0.015
0.0 0.015
0.0 0.235
1.0 0.113
0.0 0.024
0.0 0.041
0.0 0.030
0.0 0.003
0.0 0.045
0.0 0.063
0.0 0.123
0.0 0.030
0.0 0.202
1.0 0.277
0.0 0.205
0.0 0.017
0.0 0.025
0.0 0.028
1.0 0.266
0.0 0.114
0.0 0.096
0.0 0.070
0.0 0.011
0.0 0.070
0.0 0.032
0.0 0.097
0.0 0.026
0.0 0.032
0.0 0.095
1.0 0.106
0.0 0.096
0.0 0.102
0.0 0.066
0.0 0.063
0.0 0.020
0.0 0.159
0.0 0.025
0.0 0.084
0.0 0.030
0.0 0.123
0.0 0.015
0.0 0.018
0.0 0.055
0.0 0.025
0.0 0.013
0.0 0.039
0.0 0.170
0.0 0.063
0.0 0.029
0.0 0.281
0.0 0.011
0.0 0.016
0.0 0.089
0.0 0.026
0.0 0.038
0.0 0.041
0.0 0.244
0.0 0.186
0.0 0.053
0.0 0.015
0.0 0.064
0.0 0.021
0.0 0.020
0.0 0.122
0.0 0.029
0.0 0.052
0.0 0.033
0.0 0.122
0.0 0.012
0.0 0.004
0.0 0.011
0.0 0.061
0.0 0.096
0.0 0.021
0.0 0.027
0.0 0.114
0.0 0.019
0.0 0.026
0.0 0.015
0.0 0.006
0.0 0.150
0.0 0.014
0.0 0.122
0.0 0.051
0.0 0.319
0.0 0.017
0.0 0.008
0.0 0.006
0.0 0.092
0.0 0.117
0.0 0.194
0.0 0.014
0.0 0.012
0.0 0.014
0.0 0.010
0.0 0.019
0.0 0.188
0.0 0.028
0.0 0.007
0.0 0.011
0.0 0.105
0.0 0.123
0.0 0.116
0.0 0.032
0.0 0.005
0.0 0.144
0.0 0.026
0.0 0.020
0.0 0.018
0.0 0.028
0.0 0.031
0.0 0.034
0.0 0.081
1.0 0.060
0.0 0.129
0.0 0.038
0.0 0.053
0.0 0.106
0.0 0.166
0.0 0.084
0.0 0.012
0.0 0.078
0.0 0.032
0.0 0.036
0.0 0.091
0.0 0.108
0.0 0.046
0.0 0.020
0.0 0.024
0.0 0.021
0.0 0.125
0.0 0.028
0.0 0.049
0.0 0.016
0.0 0.108
0.0 0.207
0.0 0.044
0.0 0.095
0.0 0.061
0.0 0.098
0.0 0.071
0.0 0.012
0.0 0.175
0.0 0.025
0.0 0.013
0.0 0.081
0.0 0.027
1.0 0.098
0.0 0.090
0.0 0.032
0.0 0.118
1.0 0.315
0.0 0.024
0.0 0.267
0.0 0.021
0.0 0.034
0.0 0.009
0.0 0.154
0.0 0.005
0.0 0.014
0.0 0.021
0.0 0.117
0.0 0.037
0.0 0.089
0.0 0.186
0.0 0.021
0.0 0.047
0.0 0.085
0.0 0.021
0.0 0.199
0.0 0.272
1.0 0.110
0.0 0.035
0.0 0.264
0.0 0.224
0.0 0.016
0.0 0.018
0.0 0.041
0.0 0.008
0.0 0.056
0.0 0.054
0.0 0.010
0.0 0.032
0.0 0.005
0.0 0.033
0.0 0.102
1.0 0.057
0.0 0.075
0.0 0.079
0.0 0.011
0.0 0.018
0.0 0.029
0.0 0.025
0.0 0.111
1.0 0.071
0.0 0.017
0.0 0.180
0.0 0.055
0.0 0.114
0.0 0.094
0.0 0.008
0.0 0.388
0.0 0.038
0.0 0.015
0.0 0.024
0.0 0.009
0.0 0.133
0.0 0.056
0.0 0.010
0.0 0.038
0.0 0.016
0.0 0.032
0.0 0.092
0.0 0.180
0.0 0.034
0.0 0.029
0.0 0.008
0.0 0.010
0.0 0.119
0.0 0.040
0.0 0.017
0.0 0.049
0.0 0.123
0.0 0.025
0.0 0.103
0.0 0.085
0.0 0.078
0.0 0.022
0.0 0.011
0.0 0.207
0.0 0.072
1.0 0.088
0.0 0.108
0.0 0.099
0.0 0.072
0.0 0.156
0.0 0.082
0.0 0.036
0.0 0.037
0.0 0.010
0.0 0.110
0.0 0.022
0.0 0.323
0.0 0.074
0.0 0.086
0.0 0.032
0.0 0.013
0.0 0.044
0.0 0.010
0.0 0.017
0.0 0.186
0.0 0.029
1.0 0.264
0.0 0.022
0.0 0.035
0.0 0.034
0.0 0.018
0.0 0.128
0.0 0.142
0.0 0.087
0.0 0.025
0.0 0.104
0.0 0.034
0.0 0.021
0.0 0.023
0.0 0.015
0.0 0.064
0.0 0.018
0.0 0.114
0.0 0.050
0.0 0.011
0.0 0.046
0.0 0.161
0.0 0.118
0.0 0.027
0.0 0.262
0.0 0.022
0.0 0.025
0.0 0.112
0.0 0.056
0.0 0.024
0.0 0.125
0.0 0.093
0.0 0.087
0.0 0.046
0.0 0.021
0.0 0.194
0.0 0.019
0.0 0.075
0.0 0.033
0.0 0.022
0.0 0.021
0.0 0.006
0.0 0.222
0.0 0.015
0.0 0.077
0.0 0.179
0.0 0.012
0.0 0.011
0.0 0.033
0.0 0.038
0.0 0.029
0.0 0.121
0.0 0.033
0.0 0.048
0.0 0.001
0.0 0.061
0.0 0.056
0.0 0.096
0.0 0.018
0.0 0.111
0.0 0.017
0.0 0.025
1.0 0.253
0.0 0.009
0.0 0.030
0.0 0.073
0.0 0.134
0.0 0.011
0.0 0.101
0.0 0.027
0.0 0.027
0.0 0.025
0.0 0.027
0.0 0.031
0.0 0.020
0.0 0.013
0.0 0.047
0.0 0.092
0.0 0.014
0.0 0.042
0.0 0.013
0.0 0.019
0.0 0.498
0.0 0.111
0.0 0.005
0.0 0.014
0.0 0.012
0.0 0.015
0.0 0.217
0.0 0.101
0.0 0.030
0.0 0.019
0.0 0.038
0.0 0.148
0.0 0.140
0.0 0.010
0.0 0.021
0.0 0.018
0.0 0.036
0.0 0.062
0.0 0.043
0.0 0.017
0.0 0.218
0.0 0.013
0.0 0.233
0.0 0.024
0.0 0.014
0.0 0.054
0.0 0.149
0.0 0.015
0.0 0.028
0.0 0.018
0.0 0.014
0.0 0.019
0.0 0.033
0.0 0.022
0.0 0.017
0.0 0.060
0.0 0.018
0.0 0.013
0.0 0.248
0.0 0.036
0.0 0.019
0.0 0.015
0.0 0.094
0.0 0.018
0.0 0.032
0.0 0.121
0.0 0.041
0.0 0.008
0.0 0.076
0.0 0.014
0.0 0.008
0.0 0.009
1.0 0.109
0.0 0.015
0.0 0.085
0.0 0.028
0.0 0.401
1.0 0.095
0.0 0.043
0.0 0.106
1.0 0.092
0.0 0.039
0.0 0.274
0.0 0.205
0.0 0.081
0.0 0.014
0.0 0.029
0.0 0.011
0.0 0.025
0.0 0.039
0.0 0.029
0.0 0.020
0.0 0.213
0.0 0.037
0.0 0.025
0.0 0.057
0.0 0.025
0.0 0.110
1.0 0.028
0.0 0.060
0.0 0.046
0.0 0.101
0.0 0.004
0.0 0.117
0.0 0.110
0.0 0.019
0.0 0.121
0.0 0.015
0.0 0.029
0.0 0.014
0.0 0.107
0.0 0.015
0.0 0.049
0.0 0.039
0.0 0.005
0.0 0.003
0.0 0.016
0.0 0.058
0.0 0.026
0.0 0.119
0.0 0.004
0.0 0.007
0.0 0.297
0.0 0.180
0.0 0.039
0.0 0.098
0.0 0.030
0.0 0.041
1.0 0.487
0.0 0.028
0.0 0.028
0.0 0.128
0.0 0.018
0.0 0.018
0.0 0.005
0.0 0.144
0.0 0.091
0.0 0.114
0.0 0.194
0.0 0.118
1.0 0.211
0.0 0.064
0.0 0.311
1.0 0.160
0.0 0.013
0.0 0.021
0.0 0.038
0.0 0.003
0.0 0.032
0.0 0.022
0.0 0.065
0.0 0.017
0.0 0.094
0.0 0.298
0.0 0.044
0.0 0.132
0.0 0.111
0.0 0.145
0.0 0.031
0.0 0.026
0.0 0.018
0.0 0.064
0.0 0.024
0.0 0.064
0.0 0.294
0.0 0.004
0.0 0.017
0.0 0.014
0.0 0.008
0.0 0.027
0.0 0.041
0.0 0.013
0.0 0.163
0.0 0.034
0.0 0.018
0.0 0.129
0.0 0.287
0.0 0.028
0.0 0.326
0.0 0.115
0.0 0.065
0.0 0.141
0.0 0.024
0.0 0.040
0.0 0.044
0.0 0.026
0.0 0.020
0.0 0.124
0.0 0.031
0.0 0.010
0.0 0.095
0.0 0.231
0.0 0.110
0.0 0.012
0.0 0.071
0.0 0.068
0.0 0.128
0.0 0.101
0.0 0.007
0.0 0.201
0.0 0.021
0.0 0.161
0.0 0.021
0.0 0.022
0.0 0.036
0.0 0.077
0.0 0.030
0.0 0.067
0.0 0.132
0.0 0.110
0.0 0.028
0.0 0.057
0.0 0.023
0.0 0.326
0.0 0.115
0.0 0.048
0.0 0.015
0.0 0.031
0.0 0.028
0.0 0.023
0.0 0.017
0.0 0.016
0.0 0.018
0.0 0.019
0.0 0.024
0.0 0.187
0.0 0.048
0.0 0.062
0.0 0.018
0.0 0.002
0.0 0.101
0.0 0.038
0.0 0.164
0.0 0.020
0.0 0.074
0.0 0.020
0.0 0.119
0.0 0.005
0.0 0.061
0.0 0.043
0.0 0.113
0.0 0.018
0.0 0.255
0.0 0.021
0.0 0.013
0.0 0.182
0.0 0.023
0.0 0.002
0.0 0.209
1.0 0.135
0.0 0.031
0.0 0.249
0.0 0.228
0.0 0.088
0.0 0.014
0.0 0.097
0.0 0.278
0.0 0.081
0.0 0.097
0.0 0.032
0.0 0.021
0.0 0.049
0.0 0.014
0.0 0.028
0.0 0.022
0.0 0.019
0.0 0.142
0.0 0.075
0.0 0.019
0.0 0.072
0.0 0.156
0.0 0.024
0.0 0.014
0.0 0.025
0.0 0.124
0.0 0.030
0.0 0.030
0.0 0.036
0.0 0.017
0.0 0.025
0.0 0.025
0.0 0.026
0.0 0.036
0.0 0.043
0.0 0.034
0.0 0.064
0.0 0.018
1.0 0.081
0.0 0.017
0.0 0.031
0.0 0.046
0.0 0.014
0.0 0.022
0.0 0.019
0.0 0.012
0.0 0.028
0.0 0.032
0.0 0.044
0.0 0.178
0.0 0.006
0.0 0.032
0.0 0.020
0.0 0.008
0.0 0.029
0.0 0.007
0.0 0.465
0.0 0.017
0.0 0.028
0.0 0.023
0.0 0.334
0.0 0.066
0.0 0.008
0.0 0.007
0.0 0.094
0.0 0.008
0.0 0.012
0.0 0.021
0.0 0.091
0.0 0.011
0.0 0.018
0.0 0.294
0.0 0.014
0.0 0.129
0.0 0.024
0.0 0.049
0.0 0.432
0.0 0.057
0.0 0.023
0.0 0.025
0.0 0.128
0.0 0.077
0.0 0.084
0.0 0.387
0.0 0.071
0.0 0.026
0.0 0.018
0.0 0.038
0.0 0.021
0.0 0.020
0.0 0.173
0.0 0.060
0.0 0.045
0.0 0.121
0.0 0.015
0.0 0.097
0.0 0.019
0.0 0.194
0.0 0.038
0.0 0.030
0.0 0.062
0.0 0.051
1.0 0.103
0.0 0.006
0.0 0.007
0.0 0.019
0.0 0.021
1.0 0.072
0.0 0.038
0.0 0.070
0.0 0.049
0.0 0.031
0.0 0.087
0.0 0.096
0.0 0.023
1.0 0.023
0.0 0.112
0.0 0.056
0.0 0.018
0.0 0.024
0.0 0.421
0.0 0.020
0.0 0.053
0.0 0.007
0.0 0.027
0.0 0.049
0.0 0.100
0.0 0.119
0.0 0.030
0.0 0.113
0.0 0.021
0.0 0.015
0.0 0.122
0.0 0.025
0.0 0.037
0.0 0.019
0.0 0.051
0.0 0.059
0.0 0.049
1.0 0.054
0.0 0.098
0.0 0.015
0.0 0.036
0.0 0.023
0.0 0.011
0.0 0.209
1.0 0.056
0.0 0.031
1.0 0.315
0.0 0.012
0.0 0.101
0.0 0.025
0.0 0.044
0.0 0.067
0.0 0.031
0.0 0.171
0.0 0.015
1.0 0.195
0.0 0.066
0.0 0.255
0.0 0.258
0.0 0.010
0.0 0.043
0.0 0.181
0.0 0.293
0.0 0.034
0.0 0.015
0.0 0.019
0.0 0.056
1.0 0.120
0.0 0.063
0.0 0.025
0.0 0.150
0.0 0.014
0.0 0.017
0.0 0.233
0.0 0.018
0.0 0.214
0.0 0.317
0.0 0.034
0.0 0.048
0.0 0.102
0.0 0.031
0.0 0.012
0.0 0.010
0.0 0.010
0.0 0.023
0.0 0.091
0.0 0.015
0.0 0.023
0.0 0.040
0.0 0.035
0.0 0.027
0.0 0.195
1.0 0.117
0.0 0.037
0.0 0.050
0.0 0.132
0.0 0.018
0.0 0.011
0.0 0.008
0.0 0.015
0.0 0.011
0.0 0.191
0.0 0.135
0.0 0.111
0.0 0.005
0.0 0.044
0.0 0.063
0.0 0.011
0.0 0.022
0.0 0.010
0.0 0.040
0.0 0.246
0.0 0.197
0.0 0.024
0.0 0.008
0.0 0.016
0.0 0.004
0.0 0.042
0.0 0.020
0.0 0.028
0.0 0.052
0.0 0.067
0.0 0.018
0.0 0.010
0.0 0.028
0.0 0.090
0.0 0.131
0.0 0.009
0.0 0.025
0.0 0.061
0.0 0.014
0.0 0.025
0.0 0.007
0.0 0.039
1.0 0.277
0.0 0.119
0.0 0.014
0.0 0.184
0.0 0.119
0.0 0.206
0.0 0.004
0.0 0.123
0.0 0.027
0.0 0.084
0.0 0.012
0.0 0.017
0.0 0.016
0.0 0.008
0.0 0.038
1.0 0.242
0.0 0.016
0.0 0.029
0.0 0.011
0.0 0.040
0.0 0.020
0.0 0.043
0.0 0.071
0.0 0.037
0.0 0.018
0.0 0.118
0.0 0.018
0.0 0.030
0.0 0.033
0.0 0.018
0.0 0.108
0.0 0.073
0.0 0.128
0.0 0.061
0.0 0.023
1.0 0.065
0.0 0.103
0.0 0.028
0.0 0.578
1.0 0.064
0.0 0.010
0.0 0.022
0.0 0.054
0.0 0.029
0.0 0.044
0.0 0.109
0.0 0.028
0.0 0.329
0.0 0.054
0.0 0.034
0.0 0.078
0.0 0.124
0.0 0.008
0.0 0.124
0.0 0.011
0.0 0.017
0.0 0.016
0.0 0.069
0.0 0.005
0.0 0.018
0.0 0.009
0.0 0.032
0.0 0.035
0.0 0.035
0.0 0.184
0.0 0.021
0.0 0.017
0.0 0.071
0.0 0.010
0.0 0.064
1.0 0.163
0.0 0.025
0.0 0.019
0.0 0.045
0.0 0.012
0.0 0.023
1.0 0.066
0.0 0.016
0.0 0.018
0.0 0.309
1.0 0.062
0.0 0.024
0.0 0.041
0.0 0.031
0.0 0.012
0.0 0.131
0.0 0.080
0.0 0.038
1.0 0.161
0.0 0.440
0.0 0.003
0.0 0.021
0.0 0.072
0.0 0.044
0.0 0.019
0.0 0.159
0.0 0.043
0.0 0.044
0.0 0.022
0.0 0.034
1.0 0.080
0.0 0.017
0.0 0.019
0.0 0.013
0.0 0.118
0.0 0.099
1.0 0.024
0.0 0.092
0.0 0.076
1.0 0.033
0.0 0.029
1.0 0.053
0.0 0.109
0.0 0.065
0.0 0.006
0.0 0.039
0.0 0.021
0.0 0.037
0.0 0.025
0.0 0.034
0.0 0.213
0.0 0.153
0.0 0.024
0.0 0.011
0.0 0.011
0.0 0.010
0.0 0.075
0.0 0.011
0.0 0.006
0.0 0.018
0.0 0.026
0.0 0.044
0.0 0.076
0.0 0.011
0.0 0.021
0.0 0.021
1.0 0.170
0.0 0.030
0.0 0.010
0.0 0.283
0.0 0.102
0.0 0.017
0.0 0.042
0.0 0.028
0.0 0.009
0.0 0.523
0.0 0.078
0.0 0.062
0.0 0.002
0.0 0.039
0.0 0.073
0.0 0.040
0.0 0.017
0.0 0.035
0.0 0.420
0.0 0.004
0.0 0.001
0.0 0.089
0.0 0.023
0.0 0.177
0.0 0.334
0.0 0.010
0.0 0.168
0.0 0.047
0.0 0.110
0.0 0.010
0.0 0.030
1.0 0.152
0.0 0.024
0.0 0.022
0.0 0.529
0.0 0.020
0.0 0.021
0.0 0.029
0.0 0.018
0.0 0.068
0.0 0.033
0.0 0.018
0.0 0.007
0.0 0.009
0.0 0.348
0.0 0.022
0.0 0.017
0.0 0.028
0.0 0.124
0.0 0.020
0.0 0.013
1.0 0.214
0.0 0.016
0.0 0.448
1.0 0.072
0.0 0.231
0.0 0.020
0.0 0.005
0.0 0.013
0.0 0.085
0.0 0.038
0.0 0.045
0.0 0.161
0.0 0.022
0.0 0.030
0.0 0.117
0.0 0.029
0.0 0.034
0.0 0.007
0.0 0.049
1.0 0.018
0.0 0.035
0.0 0.113
0.0 0.029
0.0 0.047
0.0 0.145
0.0 0.099
0.0 0.053
0.0 0.037
0.0 0.015
0.0 0.063
1.0 0.276
0.0 0.016
0.0 0.021
0.0 0.008
0.0 0.007
0.0 0.006
0.0 0.032
0.0 0.015
0.0 0.048
0.0 0.010
1.0 0.106
0.0 0.018
0.0 0.105
0.0 0.020
0.0 0.153
0.0 0.019
0.0 0.025
0.0 0.101
0.0 0.044
0.0 0.009
0.0 0.149
0.0 0.028
0.0 0.087
0.0 0.092
0.0 0.050
0.0 0.074
0.0 0.023
0.0 0.097
0.0 0.066
0.0 0.103
0.0 0.112
0.0 0.008
0.0 0.033
0.0 0.025
0.0 0.016
0.0 0.005
0.0 0.016
0.0 0.065
0.0 0.120
0.0 0.083
0.0 0.035
0.0 0.024
0.0 0.120
0.0 0.188
0.0 0.070
0.0 0.012
0.0 0.002
0.0 0.018
0.0 0.139
0.0 0.024
0.0 0.024
0.0 0.118
0.0 0.014
0.0 0.214
0.0 0.061
0.0 0.032
0.0 0.018
0.0 0.187
0.0 0.131
0.0 0.029
0.0 0.019
0.0 0.066
0.0 0.021
0.0 0.245
0.0 0.061
0.0 0.053
0.0 0.024
0.0 0.014
0.0 0.014
0.0 0.011
0.0 0.039
0.0 0.011
0.0 0.176
0.0 0.115
0.0 0.010
0.0 0.050
0.0 0.035
0.0 0.033
0.0 0.025
1.0 0.252
0.0 0.017
0.0 0.019
0.0 0.014
0.0 0.013
0.0 0.011
0.0 0.017
0.0 0.130
0.0 0.017
0.0 0.044
0.0 0.105
0.0 0.008
0.0 0.388
0.0 0.030
0.0 0.066
0.0 0.128
0.0 0.060
0.0 0.035
0.0 0.104
0.0 0.105
0.0 0.023
0.0 0.004
0.0 0.043
0.0 0.006
0.0 0.012
0.0 0.016
0.0 0.025
0.0 0.194
0.0 0.015
0.0 0.113
0.0 0.020
0.0 0.014
0.0 0.101
1.0 0.055
1.0 0.096
0.0 0.032
0.0 0.022
0.0 0.014
0.0 0.047
0.0 0.100
0.0 0.072
0.0 0.029
0.0 0.038
0.0 0.005
0.0 0.060
1.0 0.073
0.0 0.020
0.0 0.034
0.0 0.028
0.0 0.114
0.0 0.053
0.0 0.035
0.0 0.012
0.0 0.027
0.0 0.013
0.0 0.023
0.0 0.009
0.0 0.011
0.0 0.072
0.0 0.107
0.0 0.058
0.0 0.016
0.0 0.066
0.0 0.196
0.0 0.002
0.0 0.025
0.0 0.105
0.0 0.026
0.0 0.016
0.0 0.033
0.0 0.146
0.0 0.173
0.0 0.028
0.0 0.017
0.0 0.041
0.0 0.035
1.0 0.182
0.0 0.013
0.0 0.112
0.0 0.115
0.0 0.026
0.0 0.018
0.0 0.025
0.0 0.136
0.0 0.017
0.0 0.049
0.0 0.018
0.0 0.130
0.0 0.032
0.0 0.030
0.0 0.308
0.0 0.075
0.0 0.014
0.0 0.042
0.0 0.030
0.0 0.014
0.0 0.017
0.0 0.081
0.0 0.106
0.0 0.013
0.0 0.042
0.0 0.013
0.0 0.049
0.0 0.134
1.0 0.106
0.0 0.090
1.0 0.084
0.0 0.035
0.0 0.049
0.0 0.025
0.0 0.029
1.0 0.116
0.0 0.000
0.0 0.021
0.0 0.117
0.0 0.035
1.0 0.052
0.0 0.097
0.0 0.117
0.0 0.013
0.0 0.033
0.0 0.018
0.0 0.110
0.0 0.224
0.0 0.030
1.0 0.117
0.0 0.195
0.0 0.014
0.0 0.218
0.0 0.190
0.0 0.019
0.0 0.088
0.0 0.021
0.0 0.126
0.0 0.047
0.0 0.026
0.0 0.020
0.0 0.013
0.0 0.003
0.0 0.029
0.0 0.246
0.0 0.041
0.0 0.037
0.0 0.077
0.0 0.227
0.0 0.022
0.0 0.061
0.0 0.117
0.0 0.066
1.0 0.122
1.0 0.098
0.0 0.013
0.0 0.012
0.0 0.025
0.0 0.004
0.0 0.031
0.0 0.017
0.0 0.228
0.0 0.018
0.0 0.021
1.0 0.426
0.0 0.089
0.0 0.031
0.0 0.020
0.0 0.036
0.0 0.014
0.0 0.018
0.0 0.012
0.0 0.004
0.0 0.025
0.0 0.010
0.0 0.011
0.0 0.037
0.0 0.012
0.0 0.011
0.0 0.078
0.0 0.200
0.0 0.017
0.0 0.125
0.0 0.015
0.0 0.011
0.0 0.117
0.0 0.030
0.0 0.026
0.0 0.021
0.0 0.053
0.0 0.021
0.0 0.018
0.0 0.119
0.0 0.033
0.0 0.194
0.0 0.069
0.0 0.016
0.0 0.140
0.0 0.009
0.0 0.058
0.0 0.021
0.0 0.162
0.0 0.012
0.0 0.043
0.0 0.012
0.0 0.165
0.0 0.021
0.0 0.093
0.0 0.029
0.0 0.054
0.0 0.024
0.0 0.229
0.0 0.025
0.0 0.020
0.0 0.093
0.0 0.084
0.0 0.042
0.0 0.038
0.0 0.062
0.0 0.012
0.0 0.028
0.0 0.175
0.0 0.377
0.0 0.021
0.0 0.087
0.0 0.019
0.0 0.028
0.0 0.017
0.0 0.051
0.0 0.044
0.0 0.022
0.0 0.134
0.0 0.116
0.0 0.035
0.0 0.014
0.0 0.015
0.0 0.010
0.0 0.027
1.0 0.250
0.0 0.011
0.0 0.009
0.0 0.014
0.0 0.023
0.0 0.023
0.0 0.178
0.0 0.047
0.0 0.033
0.0 0.107
0.0 0.085
0.0 0.022
0.0 0.024
0.0 0.122
0.0 0.017
0.0 0.042
1.0 0.040
0.0 0.038
0.0 0.020
0.0 0.316
0.0 0.290
0.0 0.022
0.0 0.048
0.0 0.021
0.0 0.025
0.0 0.303
0.0 0.114
0.0 0.256
0.0 0.084
0.0 0.021
0.0 0.039
0.0 0.026
1.0 0.210
0.0 0.015
0.0 0.023
0.0 0.133
0.0 0.007
0.0 0.030
0.0 0.478
0.0 0.410
0.0 0.124
0.0 0.031
0.0 0.059
0.0 0.132
0.0 0.282
0.0 0.071
0.0 0.018
0.0 0.057
0.0 0.028
0.0 0.061
0.0 0.008
0.0 0.082
0.0 0.008
0.0 0.008
0.0 0.176
0.0 0.119
0.0 0.072
0.0 0.024
0.0 0.032
0.0 0.048
0.0 0.147
0.0 0.055
0.0 0.059
0.0 0.146
0.0 0.018
0.0 0.257
0.0 0.123
0.0 0.015
0.0 0.018
0.0 0.114
0.0 0.093
0.0 0.199
0.0 0.407
1.0 0.085
0.0 0.017
0.0 0.026
0.0 0.001
0.0 0.047
1.0 0.068
1.0 0.045
0.0 0.006
0.0 0.075
0.0 0.010
0.0 0.030
0.0 0.077
0.0 0.108
0.0 0.009
0.0 0.098
0.0 0.073
1.0 0.086
0.0 0.014
0.0 0.047
0.0 0.431
1.0 0.290
0.0 0.023
0.0 0.120
0.0 0.023
0.0 0.024
0.0 0.096
1.0 0.179
0.0 0.137
0.0 0.015
0.0 0.020
0.0 0.075
0.0 0.042
0.0 0.052
0.0 0.027
0.0 0.043
0.0 0.015
0.0 0.054
0.0 0.209
1.0 0.189
0.0 0.104
0.0 0.042
1.0 0.124
0.0 0.010
1.0 0.134
0.0 0.031
0.0 0.011
0.0 0.071
0.0 0.028
0.0 0.332
1.0 0.066
0.0 0.003
0.0 0.064
0.0 0.020
1.0 0.257
0.0 0.345
0.0 0.217
0.0 0.025
0.0 0.103
0.0 0.066
0.0 0.076
0.0 0.018
1.0 0.167
0.0 0.052
0.0 0.018
0.0 0.038
0.0 0.010
0.0 0.058
0.0 0.166
0.0 0.016
0.0 0.106
0.0 0.022
0.0 0.155
0.0 0.144
0.0 0.019
0.0 0.066
0.0 0.032
0.0 0.016
0.0 0.028
0.0 0.047
0.0 0.019
0.0 0.019
0.0 0.047
0.0 0.042
0.0 0.020
0.0 0.017
0.0 0.045
0.0 0.018
0.0 0.231
0.0 0.056
0.0 0.039
0.0 0.053
0.0 0.054
0.0 0.006
0.0 0.032
0.0 0.069
0.0 0.076
0.0 0.049
0.0 0.085
0.0 0.018
0.0 0.038
0.0 0.021
0.0 0.105
0.0 0.036
0.0 0.014
0.0 0.079
0.0 0.022
0.0 0.124
0.0 0.062
0.0 0.011
0.0 0.041
0.0 0.012
0.0 0.016
0.0 0.037
1.0 0.049
0.0 0.019
0.0 0.016
0.0 0.040
0.0 0.003
0.0 0.033
0.0 0.014
1.0 0.123
0.0 0.021
0.0 0.123
0.0 0.078
0.0 0.040
0.0 0.037
0.0 0.016
0.0 0.124
0.0 0.015
0.0 0.053
0.0 0.005
0.0 0.083
0.0 0.143
1.0 0.103
0.0 0.370
1.0 0.554
0.0 0.021
0.0 0.009
0.0 0.154
0.0 0.022
0.0 0.209
0.0 0.089
0.0 0.029
0.0 0.024
0.0 0.017
0.0 0.029
0.0 0.224
0.0 0.072
0.0 0.020
0.0 0.091
0.0 0.161
0.0 0.016
0.0 0.022
0.0 0.021
0.0 0.029
0.0 0.041
0.0 0.070
0.0 0.014
0.0 0.109
0.0 0.382
1.0 0.090
0.0 0.078
0.0 0.361
0.0 0.011
0.0 0.097
1.0 0.124
0.0 0.073
0.0 0.022
0.0 0.021
0.0 0.030
0.0 0.089
0.0 0.015
0.0 0.017
0.0 0.043
0.0 0.024
0.0 0.048
0.0 0.024
0.0 0.040
0.0 0.025
0.0 0.066
0.0 0.093
0.0 0.036
0.0 0.286
0.0 0.050
0.0 0.012
0.0 0.024
0.0 0.299
0.0 0.008
0.0 0.037
0.0 0.075
0.0 0.023
0.0 0.120
0.0 0.013
0.0 0.032
0.0 0.062
0.0 0.032
0.0 0.051
0.0 0.059
0.0 0.012
0.0 0.018
0.0 0.033
0.0 0.018
0.0 0.033
0.0 0.096
0.0 0.025
1.0 0.065
1.0 0.125
0.0 0.026
0.0 0.127
0.0 0.016
0.0 0.022
0.0 0.055
0.0 0.032
0.0 0.121
0.0 0.019
0.0 0.149
0.0 0.060
0.0 0.084
0.0 0.157
0.0 0.128
0.0 0.034
0.0 0.119
0.0 0.015
0.0 0.041
0.0 0.005
0.0 0.104
0.0 0.016
0.0 0.020
0.0 0.018
0.0 0.208
0.0 0.010
0.0 0.298
0.0 0.004
0.0 0.036
0.0 0.301
0.0 0.032
0.0 0.019
0.0 0.017
0.0 0.084
0.0 0.017
0.0 0.013
0.0 0.082
0.0 0.010
0.0 0.174
0.0 0.042
0.0 0.055
0.0 0.022
0.0 0.023
0.0 0.114
0.0 0.015
0.0 0.011
0.0 0.055
0.0 0.021
0.0 0.011
0.0 0.116
0.0 0.155
0.0 0.028
0.0 0.151
0.0 0.010
0.0 0.014
0.0 0.010
0.0 0.194
0.0 0.224
0.0 0.005
0.0 0.104
0.0 0.030
0.0 0.056
0.0 0.062
0.0 0.019
0.0 0.038
0.0 0.393
1.0 0.123
0.0 0.020
0.0 0.006
0.0 0.082
0.0 0.015
0.0 0.022
0.0 0.111
1.0 0.103
0.0 0.045
0.0 0.028
0.0 0.155
0.0 0.014
0.0 0.124
0.0 0.104
0.0 0.035
0.0 0.078
0.0 0.040
0.0 0.046
0.0 0.060
0.0 0.264
0.0 0.022
0.0 0.098
0.0 0.034
0.0 0.031
0.0 0.038
0.0 0.019
0.0 0.046
0.0 0.168
0.0 0.044
0.0 0.203
0.0 0.121
0.0 0.097
0.0 0.017
0.0 0.006
0.0 0.015
0.0 0.051
0.0 0.046
0.0 0.005
0.0 0.022
0.0 0.043
0.0 0.044
1.0 0.212
0.0 0.032
0.0 0.031
0.0 0.049
0.0 0.018
1.0 0.101
0.0 0.064
0.0 0.098
1.0 0.257
1.0 0.052
0.0 0.030
0.0 0.057
1.0 0.121
0.0 0.017
0.0 0.108
0.0 0.057
0.0 0.041
0.0 0.032
0.0 0.018
0.0 0.064
0.0 0.043
0.0 0.013
0.0 0.074
0.0 0.102
0.0 0.026
0.0 0.025
0.0 0.042
0.0 0.036
0.0 0.016
0.0 0.050
0.0 0.120
0.0 0.104
0.0 0.010
0.0 0.016
0.0 0.035
0.0 0.010
0.0 0.008
0.0 0.014
1.0 0.055
0.0 0.021
0.0 0.067
0.0 0.018
0.0 0.036
0.0 0.019
0.0 0.025
0.0 0.018
0.0 0.107
0.0 0.014
0.0 0.037
0.0 0.189
0.0 0.030
0.0 0.025
0.0 0.173
0.0 0.016
0.0 0.096
0.0 0.129
0.0 0.111
0.0 0.021
0.0 0.025
1.0 0.113
0.0 0.081
0.0 0.110
0.0 0.193
0.0 0.004
0.0 0.023
0.0 0.136
0.0 0.199
0.0 0.025
0.0 0.067
0.0 0.014
1.0 0.118
0.0 0.324
0.0 0.052
0.0 0.009
0.0 0.016
0.0 0.036
0.0 0.014
0.0 0.027
0.0 0.008
0.0 0.011
0.0 0.076
0.0 0.087
0.0 0.080
0.0 0.056
0.0 0.035
0.0 0.021
0.0 0.047
0.0 0.041
1.0 0.294
0.0 0.170
0.0 0.125
0.0 0.070
0.0 0.039
0.0 0.059
0.0 0.062
0.0 0.022
0.0 0.052
0.0 0.093
0.0 0.032
0.0 0.049
0.0 0.118
0.0 0.035
0.0 0.023
0.0 0.110
0.0 0.105
0.0 0.035
0.0 0.051
0.0 0.021
0.0 0.284
0.0 0.029
0.0 0.205
0.0 0.175
0.0 0.014
0.0 0.201
1.0 0.061
0.0 0.018
0.0 0.033
0.0 0.019
0.0 0.077
0.0 0.006
0.0 0.309
0.0 0.307
0.0 0.038
0.0 0.057
0.0 0.253
0.0 0.016
0.0 0.005
0.0 0.017
0.0 0.012
0.0 0.010
0.0 0.081
0.0 0.132
0.0 0.243
0.0 0.102
0.0 0.096
0.0 0.057
0.0 0.053
0.0 0.014
0.0 0.041
0.0 0.038
0.0 0.038
0.0 0.026
0.0 0.042
0.0 0.032
