0.0 0.058
0.0 0.006
0.0 0.006
0.0 0.006
0.0 0.161
0.0 0.053
0.0 0.007
0.0 0.013
0.0 0.008
0.0 0.011
0.0 0.006
0.0 0.007
0.0 0.010
0.0 0.006
0.0 0.008
0.0 0.008
0.0 0.636
0.0 0.027
0.0 0.113
0.0 0.006
0.0 0.009
0.0 0.008
0.0 0.008
0.0 0.117
0.0 0.055
0.0 0.020
0.0 0.007
0.0 0.007
0.0 0.010
0.0 0.007
0.0 0.006
0.0 0.006
0.0 0.012
0.0 0.008
0.0 0.005
0.0 0.006
0.0 0.005
0.0 0.085
0.0 0.049
1.0 0.064
0.0 0.007
0.0 0.006
0.0 0.006
0.0 0.007
0.0 0.008
0.0 0.008
0.0 0.149
0.0 0.009
0.0 0.039
0.0 0.006
0.0 0.006
0.0 0.007
0.0 0.005
0.0 0.007
0.0 0.079
0.0 0.017
0.0 0.007
0.0 0.006
0.0 0.063
0.0 0.039
0.0 0.008
0.0 0.077
0.0 0.008
0.0 0.005
0.0 0.053
0.0 0.009
0.0 0.006
0.0 0.007
0.0 0.007
0.0 0.005
0.0 0.144
0.0 0.069
0.0 0.006
1.0 0.203
0.0 0.038
0.0 0.007
0.0 0.069
0.0 0.007
0.0 0.122
0.0 0.024
0.0 0.018
0.0 0.010
0.0 0.007
0.0 0.109
0.0 0.007
0.0 0.016
0.0 0.006
0.0 0.010
0.0 0.035
0.0 0.007
0.0 0.011
0.0 0.007
0.0 0.007
0.0 0.006
0.0 0.006
0.0 0.006
0.0 0.005
0.0 0.006
0.0 0.018
0.0 0.078
0.0 0.006
0.0 0.006
0.0 0.006
0.0 0.013
0.0 0.006
0.0 0.034
0.0 0.008
0.0 0.006
0.0 0.008
0.0 0.007
0.0 0.006
0.0 0.106
0.0 0.008
0.0 0.007
0.0 0.009
0.0 0.014
0.0 0.006
0.0 0.006
0.0 0.191
0.0 0.100
0.0 0.006
0.0 0.006
0.0 0.009
0.0 0.007
0.0 0.006
0.0 0.009
0.0 0.005
0.0 0.019
0.0 0.006
0.0 0.006
0.0 0.068
0.0 0.013
0.0 0.009
0.0 0.007
0.0 0.007
0.0 0.053
0.0 0.016
0.0 0.009
0.0 0.022
0.0 0.031
0.0 0.006
0.0 0.008
0.0 0.116
0.0 0.006
0.0 0.012
0.0 0.007
0.0 0.008
0.0 0.007
0.0 0.006
0.0 0.008
0.0 0.006
0.0 0.006
0.0 0.007
0.0 0.009
0.0 0.013
0.0 0.008
0.0 0.008
0.0 0.011
0.0 0.067
0.0 0.008
0.0 0.005
0.0 0.023
0.0 0.011
0.0 0.007
0.0 0.015
0.0 0.007
0.0 0.008
0.0 0.005
0.0 0.005
0.0 0.061
0.0 0.007
0.0 0.007
0.0 0.007
0.0 0.070
0.0 0.006
0.0 0.012
0.0 0.008
0.0 0.054
0.0 0.006
0.0 0.104
0.0 0.013
0.0 0.019
0.0 0.006
1.0 0.281
0.0 0.008
0.0 0.129
0.0 0.006
0.0 0.006
0.0 0.012
0.0 0.098
0.0 0.005
0.0 0.009
0.0 0.010
0.0 0.049
0.0 0.007
0.0 0.048
0.0 0.006
0.0 0.015
0.0 0.082
0.0 0.007
0.0 0.006
0.0 0.007
0.0 0.034
0.0 0.006
0.0 0.068
0.0 0.008
0.0 0.009
0.0 0.007
0.0 0.006
0.0 0.006
0.0 0.011
0.0 0.008
0.0 0.025
0.0 0.007
0.0 0.006
0.0 0.006
0.0 0.006
0.0 0.007
0.0 0.006
0.0 0.007
0.0 0.010
0.0 0.007
0.0 0.005
0.0 0.008
0.0 0.006
0.0 0.014
0.0 0.008
0.0 0.007
0.0 0.007
0.0 0.012
0.0 0.113
0.0 0.007
0.0 0.007
0.0 0.013
0.0 0.008
0.0 0.041
0.0 0.007
0.0 0.007
0.0 0.057
0.0 0.006
0.0 0.077
0.0 0.007
0.0 0.081
0.0 0.006
0.0 0.006
0.0 0.034
0.0 0.007
0.0 0.006
0.0 0.052
0.0 0.032
0.0 0.007
0.0 0.011
0.0 0.007
0.0 0.006
0.0 0.066
0.0 0.005
0.0 0.007
0.0 0.007
0.0 0.006
0.0 0.007
0.0 0.007
0.0 0.006
0.0 0.013
0.0 0.007
0.0 0.006
0.0 0.037
0.0 0.008
0.0 0.011
0.0 0.006
0.0 0.006
0.0 0.015
0.0 0.006
0.0 0.007
0.0 0.006
0.0 0.006
0.0 0.006
0.0 0.020
0.0 0.009
0.0 0.007
0.0 0.008
0.0 0.009
0.0 0.006
0.0 0.006
1.0 0.017
0.0 0.065
0.0 0.017
0.0 0.007
0.0 0.019
0.0 0.105
0.0 0.078
0.0 0.006
0.0 0.085
0.0 0.006
0.0 0.018
0.0 0.050
0.0 0.007
0.0 0.037
0.0 0.008
0.0 0.068
0.0 0.012
0.0 0.009
0.0 0.008
0.0 0.019
0.0 0.007
0.0 0.020
0.0 0.016
0.0 0.081
0.0 0.078
0.0 0.008
0.0 0.006
0.0 0.032
0.0 0.016
0.0 0.006
0.0 0.069
0.0 0.006
0.0 0.007
0.0 0.041
0.0 0.008
0.0 0.008
0.0 0.009
0.0 0.007
0.0 0.007
0.0 0.074
0.0 0.064
0.0 0.009
0.0 0.005
0.0 0.035
0.0 0.058
0.0 0.014
0.0 0.014
0.0 0.007
0.0 0.005
0.0 0.037
0.0 0.015
0.0 0.006
0.0 0.008
0.0 0.006
0.0 0.147
0.0 0.011
0.0 0.006
0.0 0.006
0.0 0.007
0.0 0.032
0.0 0.006
0.0 0.008
0.0 0.007
0.0 0.007
0.0 0.006
0.0 0.005
0.0 0.007
0.0 0.007
0.0 0.007
0.0 0.008
0.0 0.008
0.0 0.005
0.0 0.006
0.0 0.041
0.0 0.011
0.0 0.035
0.0 0.086
0.0 0.006
0.0 0.007
0.0 0.009
0.0 0.073
0.0 0.011
0.0 0.008
0.0 0.008
0.0 0.006
0.0 0.008
0.0 0.139
0.0 0.007
0.0 0.006
0.0 0.010
0.0 0.007
0.0 0.010
0.0 0.006
0.0 0.048
0.0 0.009
0.0 0.008
0.0 0.009
0.0 0.043
0.0 0.024
0.0 0.009
0.0 0.007
0.0 0.013
0.0 0.006
0.0 0.006
0.0 0.007
0.0 0.013
0.0 0.068
0.0 0.006
0.0 0.013
0.0 0.007
0.0 0.011
0.0 0.007
0.0 0.010
0.0 0.006
0.0 0.006
0.0 0.017
0.0 0.035
0.0 0.007
0.0 0.007
0.0 0.008
0.0 0.065
0.0 0.006
0.0 0.005
0.0 0.314
0.0 0.008
0.0 0.072
0.0 0.008
0.0 0.006
1.0 0.156
0.0 0.021
0.0 0.005
0.0 0.006
0.0 0.007
0.0 0.007
0.0 0.006
0.0 0.006
0.0 0.005
0.0 0.007
0.0 0.006
0.0 0.015
0.0 0.011
0.0 0.007
0.0 0.006
0.0 0.007
0.0 0.006
0.0 0.007
0.0 0.008
0.0 0.008
0.0 0.006
0.0 0.040
0.0 0.008
0.0 0.007
0.0 0.022
0.0 0.006
0.0 0.050
0.0 0.019
0.0 0.006
0.0 0.008
0.0 0.071
0.0 0.007
0.0 0.007
0.0 0.015
0.0 0.007
0.0 0.145
0.0 0.011
0.0 0.007
0.0 0.006
0.0 0.008
0.0 0.041
0.0 0.007
0.0 0.028
0.0 0.006
0.0 0.006
0.0 0.007
0.0 0.006
0.0 0.005
0.0 0.058
0.0 0.081
0.0 0.027
0.0 0.007
0.0 0.006
0.0 0.007
0.0 0.007
0.0 0.005
0.0 0.143
0.0 0.016
0.0 0.007
0.0 0.006
0.0 0.007
0.0 0.007
0.0 0.035
0.0 0.008
0.0 0.017
0.0 0.061
0.0 0.007
0.0 0.006
0.0 0.018
0.0 0.008
0.0 0.008
0.0 0.026
0.0 0.006
0.0 0.009
0.0 0.007
0.0 0.012
0.0 0.032
0.0 0.148
0.0 0.006
0.0 0.009
0.0 0.009
0.0 0.007
0.0 0.046
0.0 0.052
0.0 0.006
0.0 0.010
0.0 0.050
0.0 0.006
0.0 0.005
0.0 0.076
0.0 0.005
0.0 0.007
0.0 0.065
0.0 0.008
0.0 0.006
0.0 0.006
0.0 0.040
0.0 0.006
0.0 0.065
0.0 0.006
0.0 0.061
0.0 0.010
0.0 0.006
0.0 0.006
0.0 0.009
0.0 0.007
0.0 0.006
0.0 0.007
0.0 0.006
0.0 0.008
0.0 0.006
0.0 0.013
0.0 0.006
0.0 0.007
0.0 0.038
0.0 0.009
0.0 0.006
0.0 0.009
0.0 0.007
0.0 0.061
0.0 0.082
0.0 0.006
0.0 0.086
0.0 0.070
0.0 0.050
0.0 0.012
0.0 0.012
0.0 0.008
0.0 0.008
0.0 0.006
0.0 0.006
0.0 0.071
0.0 0.007
0.0 0.007
0.0 0.007
0.0 0.008
1.0 0.057
0.0 0.016
0.0 0.007
0.0 0.038
0.0 0.007
0.0 0.006
0.0 0.071
0.0 0.008
0.0 0.007
1.0 0.071
0.0 0.006
0.0 0.022
0.0 0.007
0.0 0.008
0.0 0.007
0.0 0.007
0.0 0.007
0.0 0.015
0.0 0.020
0.0 0.007
0.0 0.007
0.0 0.007
0.0 0.008
0.0 0.007
0.0 0.018
0.0 0.006
1.0 0.067
0.0 0.006
0.0 0.008
0.0 0.007
0.0 0.077
0.0 0.016
0.0 0.010
0.0 0.016
0.0 0.006
0.0 0.007
0.0 0.006
0.0 0.007
0.0 0.006
0.0 0.007
0.0 0.006
0.0 0.110
0.0 0.009
0.0 0.023
0.0 0.006
0.0 0.012
0.0 0.008
0.0 0.007
0.0 0.006
0.0 0.008
0.0 0.016
0.0 0.115
0.0 0.047
0.0 0.006
0.0 0.007
0.0 0.006
0.0 0.011
0.0 0.006
0.0 0.009
0.0 0.006
0.0 0.030
0.0 0.006
0.0 0.052
1.0 0.060
0.0 0.006
0.0 0.007
0.0 0.007
0.0 0.006
0.0 0.041
0.0 0.270
0.0 0.008
0.0 0.009
0.0 0.005
0.0 0.006
0.0 0.008
0.0 0.165
0.0 0.014
0.0 0.047
0.0 0.007
0.0 0.082
0.0 0.009
0.0 0.008
0.0 0.006
0.0 0.007
0.0 0.006
0.0 0.007
0.0 0.007
0.0 0.007
1.0 0.172
0.0 0.006
0.0 0.060
0.0 0.009
0.0 0.007
0.0 0.008
0.0 0.005
0.0 0.007
0.0 0.007
0.0 0.007
0.0 0.007
0.0 0.007
0.0 0.007
0.0 0.005
0.0 0.011
0.0 0.068
0.0 0.010
0.0 0.007
0.0 0.006
0.0 0.047
0.0 0.060
0.0 0.005
0.0 0.009
0.0 0.008
0.0 0.006
0.0 0.010
0.0 0.029
0.0 0.015
0.0 0.009
0.0 0.006
0.0 0.007
0.0 0.006
0.0 0.007
0.0 0.009
0.0 0.064
0.0 0.007
0.0 0.007
0.0 0.015
0.0 0.006
0.0 0.010
0.0 0.009
0.0 0.037
0.0 0.008
0.0 0.006
0.0 0.007
0.0 0.010
0.0 0.006
0.0 0.007
0.0 0.008
0.0 0.034
0.0 0.008
0.0 0.006
0.0 0.007
0.0 0.010
0.0 0.075
0.0 0.006
0.0 0.089
0.0 0.007
0.0 0.007
0.0 0.011
0.0 0.007
0.0 0.007
0.0 0.077
0.0 0.072
0.0 0.012
0.0 0.022
0.0 0.007
0.0 0.007
0.0 0.006
0.0 0.006
1.0 0.074
0.0 0.008
0.0 0.022
0.0 0.008
1.0 0.087
0.0 0.006
0.0 0.043
0.0 0.006
0.0 0.008
0.0 0.007
0.0 0.007
0.0 0.059
0.0 0.007
0.0 0.006
0.0 0.006
0.0 0.006
0.0 0.006
0.0 0.007
0.0 0.006
0.0 0.066
0.0 0.006
0.0 0.011
0.0 0.047
0.0 0.007
0.0 0.009
0.0 0.008
0.0 0.052
0.0 0.067
0.0 0.076
0.0 0.006
0.0 0.030
0.0 0.007
0.0 0.006
0.0 0.006
0.0 0.059
0.0 0.006
0.0 0.017
0.0 0.006
0.0 0.006
0.0 0.007
0.0 0.071
0.0 0.006
0.0 0.008
0.0 0.007
0.0 0.009
0.0 0.012
0.0 0.008
0.0 0.006
0.0 0.009
0.0 0.006
0.0 0.010
0.0 0.029
0.0 0.008
0.0 0.113
0.0 0.060
0.0 0.006
0.0 0.006
0.0 0.007
0.0 0.057
0.0 0.006
0.0 0.006
0.0 0.006
0.0 0.006
0.0 0.022
0.0 0.055
0.0 0.069
0.0 0.007
0.0 0.065
0.0 0.007
0.0 0.009
0.0 0.006
0.0 0.008
0.0 0.019
0.0 0.008
0.0 0.006
0.0 0.012
0.0 0.007
0.0 0.007
0.0 0.017
0.0 0.037
0.0 0.005
0.0 0.006
0.0 0.006
0.0 0.005
0.0 0.006
0.0 0.007
0.0 0.014
0.0 0.005
0.0 0.083
0.0 0.011
0.0 0.008
0.0 0.038
0.0 0.007
0.0 0.010
0.0 0.007
0.0 0.063
0.0 0.005
0.0 0.012
0.0 0.008
0.0 0.045
0.0 0.006
0.0 0.006
0.0 0.005
0.0 0.014
0.0 0.009
0.0 0.008
0.0 0.063
0.0 0.038
0.0 0.007
0.0 0.006
0.0 0.007
0.0 0.007
0.0 0.007
0.0 0.008
0.0 0.032
0.0 0.006
0.0 0.008
0.0 0.009
0.0 0.068
1.0 0.039
0.0 0.015
0.0 0.006
0.0 0.006
0.0 0.006
0.0 0.144
1.0 0.092
0.0 0.006
0.0 0.006
0.0 0.006
0.0 0.007
0.0 0.014
0.0 0.007
0.0 0.007
0.0 0.014
0.0 0.006
0.0 0.006
0.0 0.006
0.0 0.006
0.0 0.009
0.0 0.103
0.0 0.006
0.0 0.006
0.0 0.007
0.0 0.007
0.0 0.009
0.0 0.042
0.0 0.006
0.0 0.007
0.0 0.052
0.0 0.006
0.0 0.006
0.0 0.007
0.0 0.006
0.0 0.008
0.0 0.058
0.0 0.006
0.0 0.006
0.0 0.009
0.0 0.016
0.0 0.008
0.0 0.008
0.0 0.007
0.0 0.009
0.0 0.006
0.0 0.006
0.0 0.006
0.0 0.007
0.0 0.036
0.0 0.006
0.0 0.010
0.0 0.011
0.0 0.007
0.0 0.188
0.0 0.006
0.0 0.006
0.0 0.133
0.0 0.017
0.0 0.019
0.0 0.009
0.0 0.009
0.0 0.008
0.0 0.009
0.0 0.007
0.0 0.014
0.0 0.026
0.0 0.009
0.0 0.071
0.0 0.008
0.0 0.074
0.0 0.007
0.0 0.007
0.0 0.006
0.0 0.007
0.0 0.037
0.0 0.014
0.0 0.012
0.0 0.072
0.0 0.006
0.0 0.006
0.0 0.007
0.0 0.096
0.0 0.006
0.0 0.069
0.0 0.006
0.0 0.007
0.0 0.138
0.0 0.031
0.0 0.006
0.0 0.045
0.0 0.021
0.0 0.009
0.0 0.007
0.0 0.010
0.0 0.008
0.0 0.057
0.0 0.059
0.0 0.007
0.0 0.006
0.0 0.006
0.0 0.006
0.0 0.008
0.0 0.005
0.0 0.008
0.0 0.006
0.0 0.005
0.0 0.148
0.0 0.006
0.0 0.008
0.0 0.007
0.0 0.008
0.0 0.007
0.0 0.023
0.0 0.006
0.0 0.007
0.0 0.007
0.0 0.027
0.0 0.006
0.0 0.006
0.0 0.013
0.0 0.007
0.0 0.007
0.0 0.007
0.0 0.015
0.0 0.008
0.0 0.008
0.0 0.006
0.0 0.007
0.0 0.030
0.0 0.009
0.0 0.013
0.0 0.007
0.0 0.007
0.0 0.006
0.0 0.010
0.0 0.040
0.0 0.007
0.0 0.005
0.0 0.008
0.0 0.114
0.0 0.007
0.0 0.005
0.0 0.006
0.0 0.134
0.0 0.009
0.0 0.007
0.0 0.009
0.0 0.006
0.0 0.007
0.0 0.005
0.0 0.061
0.0 0.005
0.0 0.017
0.0 0.008
0.0 0.005
0.0 0.008
0.0 0.006
0.0 0.007
0.0 0.006
0.0 0.065
0.0 0.022
0.0 0.008
0.0 0.006
0.0 0.006
0.0 0.014
0.0 0.006
0.0 0.006
0.0 0.101
0.0 0.023
0.0 0.007
0.0 0.007
0.0 0.011
0.0 0.007
0.0 0.088
0.0 0.009
0.0 0.008
0.0 0.005
0.0 0.007
0.0 0.006
0.0 0.021
0.0 0.007
0.0 0.007
0.0 0.008
0.0 0.008
0.0 0.007
0.0 0.007
0.0 0.007
0.0 0.009
0.0 0.015
0.0 0.007
0.0 0.016
0.0 0.005
0.0 0.014
0.0 0.008
1.0 0.272
0.0 0.006
0.0 0.008
0.0 0.011
0.0 0.008
0.0 0.007
0.0 0.009
0.0 0.034
0.0 0.011
0.0 0.010
0.0 0.006
0.0 0.014
0.0 0.034
0.0 0.039
0.0 0.339
0.0 0.006
0.0 0.007
0.0 0.005
0.0 0.006
0.0 0.007
0.0 0.008
1.0 0.063
0.0 0.059
0.0 0.063
0.0 0.006
0.0 0.007
0.0 0.040
0.0 0.060
0.0 0.024
0.0 0.007
0.0 0.005
0.0 0.006
0.0 0.016
0.0 0.028
0.0 0.009
0.0 0.007
0.0 0.009
0.0 0.006
0.0 0.006
0.0 0.054
0.0 0.016
0.0 0.007
0.0 0.007
0.0 0.008
0.0 0.007
0.0 0.007
0.0 0.007
0.0 0.011
0.0 0.008
0.0 0.008
0.0 0.087
1.0 0.061
0.0 0.041
0.0 0.006
0.0 0.007
0.0 0.008
0.0 0.006
0.0 0.011
0.0 0.017
0.0 0.007
0.0 0.008
0.0 0.007
0.0 0.362
0.0 0.005
0.0 0.006
0.0 0.074
0.0 0.010
0.0 0.010
0.0 0.041
0.0 0.007
0.0 0.007
0.0 0.008
0.0 0.010
0.0 0.008
0.0 0.016
0.0 0.006
0.0 0.011
0.0 0.065
0.0 0.006
0.0 0.064
1.0 0.041
0.0 0.053
0.0 0.006
0.0 0.008
0.0 0.044
0.0 0.007
0.0 0.006
0.0 0.005
0.0 0.006
0.0 0.042
0.0 0.008
0.0 0.007
0.0 0.009
0.0 0.008
0.0 0.053
0.0 0.007
0.0 0.012
0.0 0.060
0.0 0.057
0.0 0.006
0.0 0.007
0.0 0.006
0.0 0.008
0.0 0.008
0.0 0.007
0.0 0.206
0.0 0.008
0.0 0.007
0.0 0.037
0.0 0.009
0.0 0.020
0.0 0.008
0.0 0.007
0.0 0.014
0.0 0.049
0.0 0.007
0.0 0.064
0.0 0.339
0.0 0.007
0.0 0.008
0.0 0.011
0.0 0.023
0.0 0.006
0.0 0.006
0.0 0.007
0.0 0.006
0.0 0.006
0.0 0.018
0.0 0.031
0.0 0.007
0.0 0.006
0.0 0.012
0.0 0.006
0.0 0.009
0.0 0.010
0.0 0.053
0.0 0.007
0.0 0.025
0.0 0.012
0.0 0.015
0.0 0.005
0.0 0.006
0.0 0.010
0.0 0.106
0.0 0.015
0.0 0.027
0.0 0.052
0.0 0.010
0.0 0.014
0.0 0.006
0.0 0.022
0.0 0.008
0.0 0.007
0.0 0.036
0.0 0.037
0.0 0.009
0.0 0.064
0.0 0.011
0.0 0.007
0.0 0.008
0.0 0.016
0.0 0.007
0.0 0.005
0.0 0.007
0.0 0.011
0.0 0.006
0.0 0.006
0.0 0.016
0.0 0.007
0.0 0.008
0.0 0.007
0.0 0.084
0.0 0.019
0.0 0.008
0.0 0.008
0.0 0.005
0.0 0.008
0.0 0.025
0.0 0.006
0.0 0.007
0.0 0.007
0.0 0.010
0.0 0.277
0.0 0.006
0.0 0.007
0.0 0.007
0.0 0.010
0.0 0.006
0.0 0.055
0.0 0.006
0.0 0.006
0.0 0.006
0.0 0.040
0.0 0.010
0.0 0.007
0.0 0.006
0.0 0.042
0.0 0.061
0.0 0.006
0.0 0.008
0.0 0.055
0.0 0.006
0.0 0.007
0.0 0.006
0.0 0.007
0.0 0.010
0.0 0.007
0.0 0.013
0.0 0.009
0.0 0.064
0.0 0.011
0.0 0.005
0.0 0.006
0.0 0.012
0.0 0.038
0.0 0.010
0.0 0.005
0.0 0.007
0.0 0.007
0.0 0.007
0.0 0.006
0.0 0.031
0.0 0.007
0.0 0.007
0.0 0.006
0.0 0.067
0.0 0.075
0.0 0.034
0.0 0.006
0.0 0.007
0.0 0.008
0.0 0.007
0.0 0.007
0.0 0.008
0.0 0.006
0.0 0.012
0.0 0.007
0.0 0.007
0.0 0.054
0.0 0.009
0.0 0.009
0.0 0.019
0.0 0.011
0.0 0.016
0.0 0.007
0.0 0.007
0.0 0.011
0.0 0.010
0.0 0.010
0.0 0.007
0.0 0.060
0.0 0.006
0.0 0.007
0.0 0.009
0.0 0.007
0.0 0.062
0.0 0.007
0.0 0.007
0.0 0.007
0.0 0.009
0.0 0.033
0.0 0.007
0.0 0.006
0.0 0.010
0.0 0.054
0.0 0.025
0.0 0.007
0.0 0.196
0.0 0.008
0.0 0.006
0.0 0.052
0.0 0.006
0.0 0.044
0.0 0.025
0.0 0.005
0.0 0.023
0.0 0.030
0.0 0.008
0.0 0.070
0.0 0.006
0.0 0.006
0.0 0.008
0.0 0.036
0.0 0.007
0.0 0.009
0.0 0.007
0.0 0.008
0.0 0.005
0.0 0.058
0.0 0.009
0.0 0.006
0.0 0.008
0.0 0.006
0.0 0.006
0.0 0.068
0.0 0.118
0.0 0.053
0.0 0.006
0.0 0.076
0.0 0.057
0.0 0.006
0.0 0.006
0.0 0.007
0.0 0.005
0.0 0.009
0.0 0.006
0.0 0.007
0.0 0.011
0.0 0.005
0.0 0.010
0.0 0.008
0.0 0.011
0.0 0.007
0.0 0.005
0.0 0.010
0.0 0.005
0.0 0.024
0.0 0.012
0.0 0.038
0.0 0.006
0.0 0.007
0.0 0.022
0.0 0.059
0.0 0.067
0.0 0.085
0.0 0.007
1.0 0.069
0.0 0.006
0.0 0.006
0.0 0.008
0.0 0.006
0.0 0.017
0.0 0.007
0.0 0.007
0.0 0.006
0.0 0.007
0.0 0.007
0.0 0.065
0.0 0.017
0.0 0.006
0.0 0.006
0.0 0.008
0.0 0.006
0.0 0.061
0.0 0.006
0.0 0.006
0.0 0.006
0.0 0.020
0.0 0.007
0.0 0.057
0.0 0.007
0.0 0.005
0.0 0.006
0.0 0.006
0.0 0.006
0.0 0.005
0.0 0.071
0.0 0.012
0.0 0.048
0.0 0.007
0.0 0.031
0.0 0.008
0.0 0.009
0.0 0.006
0.0 0.008
0.0 0.028
0.0 0.006
0.0 0.012
0.0 0.069
0.0 0.009
0.0 0.007
0.0 0.011
0.0 0.006
0.0 0.006
0.0 0.007
0.0 0.007
0.0 0.009
0.0 0.015
0.0 0.006
0.0 0.009
0.0 0.006
0.0 0.009
0.0 0.009
0.0 0.027
0.0 0.019
0.0 0.006
0.0 0.056
0.0 0.006
0.0 0.011
0.0 0.006
0.0 0.006
0.0 0.057
0.0 0.022
0.0 0.019
0.0 0.008
0.0 0.006
0.0 0.007
0.0 0.007
0.0 0.064
0.0 0.010
0.0 0.028
0.0 0.005
0.0 0.007
0.0 0.006
0.0 0.006
0.0 0.007
0.0 0.042
0.0 0.008
1.0 0.028
0.0 0.006
0.0 0.008
0.0 0.034
0.0 0.007
0.0 0.012
0.0 0.007
0.0 0.005
0.0 0.006
0.0 0.007
0.0 0.038
0.0 0.005
0.0 0.008
0.0 0.006
0.0 0.006
0.0 0.006
0.0 0.006
0.0 0.019
0.0 0.007
0.0 0.087
0.0 0.006
0.0 0.015
0.0 0.007
0.0 0.013
0.0 0.006
0.0 0.014
0.0 0.007
0.0 0.046
0.0 0.006
0.0 0.007
0.0 0.008
0.0 0.005
0.0 0.009
0.0 0.017
0.0 0.007
0.0 0.006
0.0 0.055
0.0 0.006
0.0 0.006
0.0 0.005
0.0 0.008
0.0 0.007
0.0 0.006
0.0 0.008
0.0 0.007
0.0 0.007
0.0 0.006
0.0 0.014
0.0 0.006
0.0 0.008
0.0 0.224
0.0 0.006
0.0 0.014
0.0 0.008
0.0 0.007
0.0 0.006
0.0 0.154
1.0 0.010
0.0 0.006
0.0 0.006
0.0 0.007
0.0 0.013
0.0 0.029
0.0 0.008
0.0 0.008
0.0 0.006
0.0 0.006
0.0 0.009
0.0 0.007
0.0 0.006
0.0 0.248
0.0 0.006
0.0 0.018
0.0 0.007
0.0 0.006
0.0 0.009
0.0 0.014
0.0 0.006
0.0 0.007
0.0 0.008
0.0 0.006
0.0 0.007
0.0 0.011
0.0 0.005
0.0 0.006
0.0 0.006
0.0 0.007
0.0 0.005
0.0 0.016
0.0 0.009
0.0 0.006
0.0 0.007
0.0 0.012
0.0 0.007
0.0 0.006
0.0 0.008
0.0 0.010
0.0 0.006
0.0 0.026
0.0 0.005
0.0 0.006
0.0 0.006
0.0 0.043
0.0 0.006
0.0 0.054
0.0 0.009
0.0 0.140
0.0 0.069
0.0 0.008
0.0 0.007
0.0 0.076
0.0 0.006
0.0 0.013
0.0 0.006
0.0 0.026
0.0 0.007
0.0 0.006
0.0 0.007
0.0 0.012
0.0 0.012
0.0 0.007
0.0 0.006
0.0 0.009
0.0 0.009
0.0 0.008
0.0 0.006
0.0 0.020
0.0 0.068
0.0 0.005
0.0 0.007
0.0 0.008
0.0 0.006
0.0 0.007
0.0 0.007
0.0 0.009
0.0 0.007
0.0 0.030
0.0 0.006
0.0 0.011
0.0 0.007
0.0 0.007
0.0 0.010
0.0 0.008
0.0 0.017
0.0 0.006
0.0 0.006
0.0 0.006
0.0 0.006
0.0 0.008
0.0 0.007
0.0 0.006
0.0 0.007
0.0 0.129
0.0 0.007
0.0 0.019
0.0 0.051
0.0 0.007
0.0 0.007
1.0 0.231
0.0 0.007
0.0 0.009
0.0 0.039
0.0 0.007
0.0 0.005
0.0 0.008
0.0 0.006
0.0 0.007
0.0 0.008
0.0 0.010
0.0 0.015
0.0 0.047
0.0 0.062
0.0 0.025
0.0 0.009
0.0 0.007
0.0 0.008
0.0 0.035
0.0 0.005
0.0 0.007
0.0 0.011
0.0 0.008
0.0 0.007
0.0 0.022
0.0 0.011
0.0 0.009
0.0 0.028
0.0 0.075
0.0 0.076
0.0 0.006
0.0 0.008
0.0 0.007
0.0 0.006
0.0 0.012
0.0 0.010
0.0 0.085
0.0 0.007
0.0 0.006
0.0 0.011
0.0 0.007
0.0 0.013
0.0 0.008
0.0 0.008
0.0 0.006
0.0 0.008
0.0 0.006
0.0 0.038
0.0 0.033
0.0 0.006
0.0 0.082
0.0 0.010
0.0 0.008
0.0 0.069
0.0 0.006
0.0 0.009
0.0 0.009
0.0 0.006
0.0 0.006
0.0 0.025
0.0 0.014
0.0 0.007
0.0 0.008
0.0 0.040
0.0 0.064
0.0 0.008
0.0 0.010
0.0 0.008
0.0 0.038
0.0 0.007
0.0 0.009
0.0 0.063
0.0 0.008
0.0 0.007
0.0 0.007
0.0 0.005
0.0 0.021
0.0 0.034
0.0 0.005
1.0 0.016
0.0 0.013
0.0 0.022
0.0 0.006
0.0 0.006
0.0 0.007
0.0 0.017
0.0 0.069
0.0 0.006
0.0 0.011
0.0 0.008
0.0 0.007
0.0 0.007
0.0 0.006
0.0 0.007
0.0 0.006
0.0 0.006
0.0 0.007
0.0 0.009
0.0 0.010
0.0 0.034
0.0 0.007
0.0 0.006
0.0 0.010
0.0 0.006
0.0 0.008
0.0 0.015
0.0 0.007
0.0 0.007
0.0 0.059
0.0 0.006
0.0 0.008
0.0 0.011
0.0 0.054
0.0 0.008
0.0 0.152
0.0 0.008
0.0 0.006
0.0 0.012
0.0 0.006
0.0 0.006
0.0 0.007
0.0 0.022
0.0 0.009
1.0 0.064
0.0 0.009
0.0 0.164
0.0 0.006
0.0 0.006
1.0 0.105
0.0 0.050
0.0 0.007
0.0 0.007
0.0 0.007
0.0 0.007
0.0 0.009
0.0 0.017
0.0 0.008
0.0 0.007
0.0 0.008
0.0 0.016
0.0 0.007
0.0 0.008
0.0 0.008
0.0 0.006
0.0 0.006
0.0 0.007
0.0 0.067
0.0 0.008
0.0 0.008
0.0 0.007
0.0 0.007
0.0 0.007
0.0 0.010
0.0 0.007
0.0 0.005
0.0 0.006
0.0 0.015
0.0 0.007
0.0 0.008
0.0 0.061
0.0 0.010
0.0 0.008
0.0 0.012
0.0 0.009
0.0 0.007
0.0 0.006
0.0 0.007
0.0 0.006
0.0 0.006
0.0 0.051
0.0 0.028
0.0 0.009
0.0 0.006
0.0 0.006
0.0 0.007
0.0 0.008
0.0 0.006
0.0 0.157
0.0 0.006
0.0 0.006
0.0 0.007
0.0 0.153
0.0 0.007
0.0 0.006
0.0 0.006
0.0 0.005
0.0 0.006
0.0 0.005
0.0 0.006
0.0 0.008
0.0 0.005
0.0 0.006
0.0 0.020
0.0 0.007
0.0 0.007
0.0 0.006
0.0 0.015
0.0 0.023
0.0 0.009
0.0 0.007
0.0 0.007
0.0 0.034
0.0 0.006
0.0 0.005
0.0 0.131
0.0 0.071
0.0 0.006
0.0 0.006
0.0 0.011
0.0 0.009
0.0 0.008
0.0 0.044
0.0 0.010
0.0 0.007
0.0 0.047
0.0 0.007
0.0 0.062
0.0 0.006
0.0 0.007
0.0 0.009
0.0 0.006
0.0 0.008
0.0 0.008
0.0 0.011
0.0 0.007
0.0 0.006
0.0 0.007
0.0 0.007
0.0 0.036
0.0 0.011
0.0 0.006
0.0 0.009
0.0 0.007
0.0 0.011
0.0 0.006
0.0 0.008
0.0 0.010
0.0 0.009
0.0 0.007
0.0 0.007
0.0 0.006
0.0 0.046
0.0 0.006
0.0 0.007
0.0 0.007
0.0 0.007
0.0 0.007
0.0 0.010
0.0 0.040
0.0 0.009
0.0 0.053
0.0 0.007
0.0 0.007
0.0 0.008
0.0 0.009
0.0 0.007
0.0 0.006
0.0 0.007
0.0 0.006
0.0 0.008
0.0 0.046
0.0 0.006
0.0 0.008
0.0 0.006
0.0 0.007
0.0 0.008
0.0 0.016
0.0 0.016
0.0 0.007
0.0 0.026
0.0 0.006
0.0 0.059
0.0 0.006
0.0 0.006
0.0 0.009
0.0 0.010
0.0 0.113
0.0 0.006
0.0 0.011
0.0 0.010
0.0 0.014
0.0 0.061
0.0 0.007
0.0 0.011
0.0 0.017
0.0 0.336
0.0 0.009
0.0 0.007
0.0 0.013
0.0 0.017
0.0 0.017
0.0 0.007
0.0 0.005
0.0 0.011
0.0 0.006
0.0 0.008
0.0 0.097
0.0 0.006
0.0 0.081
0.0 0.106
0.0 0.015
0.0 0.018
0.0 0.055
0.0 0.006
0.0 0.008
0.0 0.007
0.0 0.008
0.0 0.006
0.0 0.009
0.0 0.007
0.0 0.006
0.0 0.008
0.0 0.006
0.0 0.041
0.0 0.020
0.0 0.041
0.0 0.007
0.0 0.007
1.0 0.054
0.0 0.007
0.0 0.006
0.0 0.011
0.0 0.007
0.0 0.006
0.0 0.007
0.0 0.007
0.0 0.040
0.0 0.006
0.0 0.016
0.0 0.007
0.0 0.007
0.0 0.006
0.0 0.007
0.0 0.006
0.0 0.117
0.0 0.036
0.0 0.007
0.0 0.006
0.0 0.007
0.0 0.006
0.0 0.011
0.0 0.006
0.0 0.006
0.0 0.006
0.0 0.007
0.0 0.006
0.0 0.007
0.0 0.008
0.0 0.018
0.0 0.055
0.0 0.012
0.0 0.006
0.0 0.007
0.0 0.006
0.0 0.006
0.0 0.007
0.0 0.011
0.0 0.204
0.0 0.058
0.0 0.006
0.0 0.028
0.0 0.026
0.0 0.095
0.0 0.006
0.0 0.011
0.0 0.008
0.0 0.006
0.0 0.008
0.0 0.006
0.0 0.007
0.0 0.005
0.0 0.008
0.0 0.160
0.0 0.006
0.0 0.009
0.0 0.012
0.0 0.010
0.0 0.006
0.0 0.007
0.0 0.007
0.0 0.010
0.0 0.006
0.0 0.079
0.0 0.006
0.0 0.006
0.0 0.006
0.0 0.006
0.0 0.007
0.0 0.057
0.0 0.007
0.0 0.015
0.0 0.007
0.0 0.005
0.0 0.007
0.0 0.006
1.0 0.202
0.0 0.027
0.0 0.005
0.0 0.007
0.0 0.006
0.0 0.008
0.0 0.006
0.0 0.058
0.0 0.006
0.0 0.046
0.0 0.007
0.0 0.007
0.0 0.032
0.0 0.061
0.0 0.007
0.0 0.016
0.0 0.006
0.0 0.006
0.0 0.007
0.0 0.007
0.0 0.006
0.0 0.006
0.0 0.007
0.0 0.010
0.0 0.051
0.0 0.007
0.0 0.153
0.0 0.015
0.0 0.006
0.0 0.008
0.0 0.010
0.0 0.008
0.0 0.045
0.0 0.006
0.0 0.006
0.0 0.007
0.0 0.008
0.0 0.007
0.0 0.131
0.0 0.010
0.0 0.006
0.0 0.085
0.0 0.067
0.0 0.007
0.0 0.006
0.0 0.005
0.0 0.008
0.0 0.008
0.0 0.007
0.0 0.008
0.0 0.006
0.0 0.179
0.0 0.007
0.0 0.014
0.0 0.005
0.0 0.007
0.0 0.006
0.0 0.039
0.0 0.016
0.0 0.006
0.0 0.014
0.0 0.007
0.0 0.025
0.0 0.006
0.0 0.006
0.0 0.008
0.0 0.008
0.0 0.076
0.0 0.015
0.0 0.010
0.0 0.077
0.0 0.058
0.0 0.007
0.0 0.010
0.0 0.063
0.0 0.006
0.0 0.007
0.0 0.006
0.0 0.012
0.0 0.006
0.0 0.008
0.0 0.006
0.0 0.006
0.0 0.041
0.0 0.006
0.0 0.007
0.0 0.007
0.0 0.014
0.0 0.010
0.0 0.007
0.0 0.006
0.0 0.006
0.0 0.007
0.0 0.009
0.0 0.011
0.0 0.009
0.0 0.006
0.0 0.008
0.0 0.235
0.0 0.013
0.0 0.006
0.0 0.033
0.0 0.063
0.0 0.006
0.0 0.005
0.0 0.006
0.0 0.007
0.0 0.070
0.0 0.007
0.0 0.021
0.0 0.011
0.0 0.012
0.0 0.009
0.0 0.007
0.0 0.006
0.0 0.027
0.0 0.268
0.0 0.007
0.0 0.006
0.0 0.007
0.0 0.009
0.0 0.005
0.0 0.399
0.0 0.006
0.0 0.011
0.0 0.010
0.0 0.068
0.0 0.007
0.0 0.006
0.0 0.006
0.0 0.006
0.0 0.006
0.0 0.117
0.0 0.006
0.0 0.008
0.0 0.008
0.0 0.009
0.0 0.007
0.0 0.011
0.0 0.006
0.0 0.006
0.0 0.007
0.0 0.050
0.0 0.006
0.0 0.014
0.0 0.006
0.0 0.008
0.0 0.006
0.0 0.007
0.0 0.179
0.0 0.007
0.0 0.183
0.0 0.072
0.0 0.582
0.0 0.008
0.0 0.005
0.0 0.006
0.0 0.008
0.0 0.006
0.0 0.009
0.0 0.048
0.0 0.006
0.0 0.007
0.0 0.049
0.0 0.007
0.0 0.018
0.0 0.006
0.0 0.006
0.0 0.012
0.0 0.012
0.0 0.007
0.0 0.007
0.0 0.007
0.0 0.012
0.0 0.007
0.0 0.011
0.0 0.008
0.0 0.007
0.0 0.007
0.0 0.019
0.0 0.007
0.0 0.006
0.0 0.006
0.0 0.007
0.0 0.006
0.0 0.006
0.0 0.006
0.0 0.007
0.0 0.007
0.0 0.048
0.0 0.006
0.0 0.017
0.0 0.010
0.0 0.005
0.0 0.010
0.0 0.008
0.0 0.040
0.0 0.006
0.0 0.016
0.0 0.058
0.0 0.008
0.0 0.008
0.0 0.005
0.0 0.007
0.0 0.062
0.0 0.010
0.0 0.050
0.0 0.018
0.0 0.007
0.0 0.008
0.0 0.006
0.0 0.007
0.0 0.006
0.0 0.008
0.0 0.007
0.0 0.008
0.0 0.010
0.0 0.066
0.0 0.055
0.0 0.007
0.0 0.007
0.0 0.073
0.0 0.096
0.0 0.006
0.0 0.006
0.0 0.008
0.0 0.009
0.0 0.009
0.0 0.009
0.0 0.006
0.0 0.052
0.0 0.009
0.0 0.011
0.0 0.100
0.0 0.007
0.0 0.015
0.0 0.012
0.0 0.028
0.0 0.006
0.0 0.005
0.0 0.010
0.0 0.044
0.0 0.068
0.0 0.065
0.0 0.005
0.0 0.007
0.0 0.009
0.0 0.007
0.0 0.006
0.0 0.007
0.0 0.007
0.0 0.014
0.0 0.041
0.0 0.006
0.0 0.010
0.0 0.006
0.0 0.006
0.0 0.007
0.0 0.010
0.0 0.007
0.0 0.007
0.0 0.005
0.0 0.006
0.0 0.010
0.0 0.009
0.0 0.085
0.0 0.010
0.0 0.006
0.0 0.006
0.0 0.015
0.0 0.016
0.0 0.007
0.0 0.007
0.0 0.007
0.0 0.006
0.0 0.006
0.0 0.013
0.0 0.040
0.0 0.005
0.0 0.006
0.0 0.014
0.0 0.008
0.0 0.006
0.0 0.006
0.0 0.007
0.0 0.047
0.0 0.010
0.0 0.045
0.0 0.006
0.0 0.006
0.0 0.054
0.0 0.016
0.0 0.066
0.0 0.005
0.0 0.007
0.0 0.006
0.0 0.008
0.0 0.346
0.0 0.009
0.0 0.007
0.0 0.007
0.0 0.006
0.0 0.009
0.0 0.050
0.0 0.008
0.0 0.005
0.0 0.007
0.0 0.095
0.0 0.006
0.0 0.006
0.0 0.007
0.0 0.008
0.0 0.006
0.0 0.005
0.0 0.005
0.0 0.007
0.0 0.011
0.0 0.009
0.0 0.048
0.0 0.006
0.0 0.011
0.0 0.023
0.0 0.006
0.0 0.009
0.0 0.055
0.0 0.005
0.0 0.006
0.0 0.006
0.0 0.013
0.0 0.010
0.0 0.011
0.0 0.006
0.0 0.010
0.0 0.006
0.0 0.007
0.0 0.008
0.0 0.037
0.0 0.011
0.0 0.006
0.0 0.006
0.0 0.007
0.0 0.013
0.0 0.005
0.0 0.005
0.0 0.008
0.0 0.091
0.0 0.006
0.0 0.006
0.0 0.127
0.0 0.037
0.0 0.005
0.0 0.025
0.0 0.010
0.0 0.007
0.0 0.006
1.0 0.073
0.0 0.008
0.0 0.006
0.0 0.011
0.0 0.008
0.0 0.006
0.0 0.006
1.0 0.053
0.0 0.070
0.0 0.032
0.0 0.007
0.0 0.009
0.0 0.006
0.0 0.007
0.0 0.057
0.0 0.007
0.0 0.006
0.0 0.065
0.0 0.006
0.0 0.008
0.0 0.008
1.0 0.059
0.0 0.006
0.0 0.007
0.0 0.006
0.0 0.007
0.0 0.009
0.0 0.007
0.0 0.044
1.0 0.006
0.0 0.007
0.0 0.016
0.0 0.015
0.0 0.007
0.0 0.008
0.0 0.007
0.0 0.025
0.0 0.009
0.0 0.007
0.0 0.008
0.0 0.007
0.0 0.008
0.0 0.006
0.0 0.009
0.0 0.008
0.0 0.012
0.0 0.096
0.0 0.008
0.0 0.007
0.0 0.007
0.0 0.024
0.0 0.077
0.0 0.048
0.0 0.052
0.0 0.007
0.0 0.006
0.0 0.008
0.0 0.006
0.0 0.008
0.0 0.007
0.0 0.008
0.0 0.006
0.0 0.007
0.0 0.271
0.0 0.006
0.0 0.008
0.0 0.007
0.0 0.011
0.0 0.007
0.0 0.006
0.0 0.006
0.0 0.007
0.0 0.010
0.0 0.028
0.0 0.007
0.0 0.008
0.0 0.010
0.0 0.007
0.0 0.006
0.0 0.012
0.0 0.008
0.0 0.076
0.0 0.006
0.0 0.009
0.0 0.081
0.0 0.027
0.0 0.006
0.0 0.008
0.0 0.007
0.0 0.006
0.0 0.007
0.0 0.006
0.0 0.009
0.0 0.012
0.0 0.016
0.0 0.009
0.0 0.013
0.0 0.006
0.0 0.006
0.0 0.006
0.0 0.010
0.0 0.008
0.0 0.008
0.0 0.006
0.0 0.012
0.0 0.006
0.0 0.007
0.0 0.007
0.0 0.007
0.0 0.008
0.0 0.131
0.0 0.008
0.0 0.011
0.0 0.068
0.0 0.023
0.0 0.006
0.0 0.007
0.0 0.006
0.0 0.005
0.0 0.006
0.0 0.014
0.0 0.008
0.0 0.006
0.0 0.010
0.0 0.010
0.0 0.009
0.0 0.010
0.0 0.007
0.0 0.013
0.0 0.007
0.0 0.010
0.0 0.073
0.0 0.013
0.0 0.006
0.0 0.007
0.0 0.008
0.0 0.008
0.0 0.014
0.0 0.006
0.0 0.006
0.0 0.006
0.0 0.007
0.0 0.006
1.0 0.242
0.0 0.006
0.0 0.007
0.0 0.010
0.0 0.021
0.0 0.006
0.0 0.006
0.0 0.052
0.0 0.008
0.0 0.021
0.0 0.007
0.0 0.011
0.0 0.010
0.0 0.069
1.0 0.010
0.0 0.006
0.0 0.008
0.0 0.007
0.0 0.008
0.0 0.133
1.0 0.064
0.0 0.027
0.0 0.008
0.0 0.008
0.0 0.013
0.0 0.006
0.0 0.009
0.0 0.007
0.0 0.007
0.0 0.075
0.0 0.012
0.0 0.008
0.0 0.170
0.0 0.045
0.0 0.008
0.0 0.008
0.0 0.007
0.0 0.058
0.0 0.025
0.0 0.051
0.0 0.013
0.0 0.007
0.0 0.011
0.0 0.007
0.0 0.007
0.0 0.008
0.0 0.007
0.0 0.007
0.0 0.009
0.0 0.068
0.0 0.009
0.0 0.006
0.0 0.006
0.0 0.010
0.0 0.023
0.0 0.027
0.0 0.061
0.0 0.013
0.0 0.006
0.0 0.013
0.0 0.054
0.0 0.010
0.0 0.007
0.0 0.070
0.0 0.055
0.0 0.180
0.0 0.082
0.0 0.031
0.0 0.005
0.0 0.008
0.0 0.006
0.0 0.007
0.0 0.062
0.0 0.040
0.0 0.006
0.0 0.006
0.0 0.006
0.0 0.010
0.0 0.006
0.0 0.061
0.0 0.006
0.0 0.006
0.0 0.008
0.0 0.057
0.0 0.022
0.0 0.008
0.0 0.025
0.0 0.095
0.0 0.006
0.0 0.010
0.0 0.008
0.0 0.007
0.0 0.079
0.0 0.008
0.0 0.037
0.0 0.009
0.0 0.013
0.0 0.007
0.0 0.006
0.0 0.008
0.0 0.014
0.0 0.007
0.0 0.007
0.0 0.009
0.0 0.056
0.0 0.109
0.0 0.066
0.0 0.009
0.0 0.062
0.0 0.006
0.0 0.051
0.0 0.005
0.0 0.008
0.0 0.071
0.0 0.009
0.0 0.126
0.0 0.009
0.0 0.006
0.0 0.059
0.0 0.005
0.0 0.307
0.0 0.122
0.0 0.033
0.0 0.008
0.0 0.007
0.0 0.008
0.0 0.009
0.0 0.005
0.0 0.011
0.0 0.007
0.0 0.006
0.0 0.012
0.0 0.006
0.0 0.008
0.0 0.010
0.0 0.041
0.0 0.064
0.0 0.006
0.0 0.028
0.0 0.211
0.0 0.010
0.0 0.006
0.0 0.020
0.0 0.006
0.0 0.007
0.0 0.008
0.0 0.013
0.0 0.009
0.0 0.010
0.0 0.016
0.0 0.006
0.0 0.008
0.0 0.006
0.0 0.006
0.0 0.103
0.0 0.006
0.0 0.010
0.0 0.008
0.0 0.007
0.0 0.009
0.0 0.005
0.0 0.062
0.0 0.035
0.0 0.007
0.0 0.009
0.0 0.006
0.0 0.006
0.0 0.005
0.0 0.063
0.0 0.011
0.0 0.007
1.0 0.050
0.0 0.008
0.0 0.012
0.0 0.006
0.0 0.008
0.0 0.007
0.0 0.007
0.0 0.007
0.0 0.006
0.0 0.006
0.0 0.009
0.0 0.009
0.0 0.006
0.0 0.005
0.0 0.010
0.0 0.007
0.0 0.054
0.0 0.006
0.0 0.095
0.0 0.016
0.0 0.015
0.0 0.006
0.0 0.009
0.0 0.072
0.0 0.007
0.0 0.009
0.0 0.006
0.0 0.040
0.0 0.013
0.0 0.025
0.0 0.165
0.0 0.222
0.0 0.007
0.0 0.012
0.0 0.045
0.0 0.007
0.0 0.010
0.0 0.006
0.0 0.007
0.0 0.007
0.0 0.006
0.0 0.008
1.0 0.131
0.0 0.006
0.0 0.008
0.0 0.054
0.0 0.007
0.0 0.008
0.0 0.007
0.0 0.007
0.0 0.006
0.0 0.007
0.0 0.052
0.0 0.007
0.0 0.067
0.0 0.060
1.0 0.022
0.0 0.014
0.0 0.099
0.0 0.010
0.0 0.077
0.0 0.015
0.0 0.007
0.0 0.006
0.0 0.006
0.0 0.010
0.0 0.041
0.0 0.007
0.0 0.008
0.0 0.006
0.0 0.007
0.0 0.006
0.0 0.007
0.0 0.014
0.0 0.007
0.0 0.058
0.0 0.008
0.0 0.008
1.0 0.095
0.0 0.007
0.0 0.007
0.0 0.011
0.0 0.144
0.0 0.006
0.0 0.006
0.0 0.006
0.0 0.006
0.0 0.053
0.0 0.006
0.0 0.009
0.0 0.008
0.0 0.006
0.0 0.006
0.0 0.009
0.0 0.006
0.0 0.012
0.0 0.006
0.0 0.007
0.0 0.009
0.0 0.067
0.0 0.013
0.0 0.071
0.0 0.060
0.0 0.006
0.0 0.008
0.0 0.013
0.0 0.006
0.0 0.010
0.0 0.007
0.0 0.016
0.0 0.006
0.0 0.007
0.0 0.009
0.0 0.006
0.0 0.048
0.0 0.060
0.0 0.008
0.0 0.053
0.0 0.005
0.0 0.005
0.0 0.006
0.0 0.008
0.0 0.007
0.0 0.014
0.0 0.006
0.0 0.006
0.0 0.006
0.0 0.129
0.0 0.007
0.0 0.008
0.0 0.144
0.0 0.006
0.0 0.006
0.0 0.007
0.0 0.072
0.0 0.007
0.0 0.006
0.0 0.046
0.0 0.007
0.0 0.007
0.0 0.005
0.0 0.009
0.0 0.005
0.0 0.006
0.0 0.069
0.0 0.007
0.0 0.006
0.0 0.008
0.0 0.005
0.0 0.008
0.0 0.009
0.0 0.010
0.0 0.006
0.0 0.009
0.0 0.006
0.0 0.006
0.0 0.008
0.0 0.007
0.0 0.010
0.0 0.005
0.0 0.064
0.0 0.005
0.0 0.012
0.0 0.007
0.0 0.006
0.0 0.006
0.0 0.066
0.0 0.032
0.0 0.014
0.0 0.006
0.0 0.007
0.0 0.006
0.0 0.007
0.0 0.067
0.0 0.063
0.0 0.016
0.0 0.005
0.0 0.011
0.0 0.009
0.0 0.051
0.0 0.006
0.0 0.026
0.0 0.007
0.0 0.007
0.0 0.006
0.0 0.007
0.0 0.025
0.0 0.008
0.0 0.081
0.0 0.006
0.0 0.006
0.0 0.011
0.0 0.009
0.0 0.014
0.0 0.011
0.0 0.006
0.0 0.013
0.0 0.036
0.0 0.073
0.0 0.009
0.0 0.007
0.0 0.006
0.0 0.007
0.0 0.011
0.0 0.007
0.0 0.009
0.0 0.009
0.0 0.009
0.0 0.034
0.0 0.008
0.0 0.009
0.0 0.006
0.0 0.005
0.0 0.067
0.0 0.007
0.0 0.006
0.0 0.044
0.0 0.005
0.0 0.008
0.0 0.007
0.0 0.006
0.0 0.006
0.0 0.063
0.0 0.006
0.0 0.007
0.0 0.008
0.0 0.008
0.0 0.007
0.0 0.033
0.0 0.007
0.0 0.054
0.0 0.007
0.0 0.006
0.0 0.007
0.0 0.006
0.0 0.008
0.0 0.007
0.0 0.007
0.0 0.075
0.0 0.051
0.0 0.006
0.0 0.006
0.0 0.007
0.0 0.019
0.0 0.007
0.0 0.009
0.0 0.011
0.0 0.008
0.0 0.019
0.0 0.006
0.0 0.007
0.0 0.006
0.0 0.006
0.0 0.008
0.0 0.095
0.0 0.006
0.0 0.006
0.0 0.066
0.0 0.006
0.0 0.010
0.0 0.015
0.0 0.006
0.0 0.089
0.0 0.049
0.0 0.084
0.0 0.006
0.0 0.008
0.0 0.010
0.0 0.056
0.0 0.010
0.0 0.023
0.0 0.006
0.0 0.007
0.0 0.028
0.0 0.073
0.0 0.011
0.0 0.008
0.0 0.006
0.0 0.009
0.0 0.078
0.0 0.005
0.0 0.007
0.0 0.007
0.0 0.006
0.0 0.008
0.0 0.007
0.0 0.007
0.0 0.007
0.0 0.063
0.0 0.007
0.0 0.006
0.0 0.015
0.0 0.007
0.0 0.010
0.0 0.007
0.0 0.008
0.0 0.022
0.0 0.038
0.0 0.005
0.0 0.007
0.0 0.005
0.0 0.036
0.0 0.009
0.0 0.006
0.0 0.006
0.0 0.012
0.0 0.007
0.0 0.007
0.0 0.072
0.0 0.007
0.0 0.006
0.0 0.006
0.0 0.063
0.0 0.006
0.0 0.009
0.0 0.006
0.0 0.163
0.0 0.009
0.0 0.184
0.0 0.007
0.0 0.009
0.0 0.006
0.0 0.049
0.0 0.006
0.0 0.015
0.0 0.006
0.0 0.061
0.0 0.007
0.0 0.038
0.0 0.168
0.0 0.008
0.0 0.016
0.0 0.059
0.0 0.007
0.0 0.007
0.0 0.006
0.0 0.007
0.0 0.006
0.0 0.007
0.0 0.068
0.0 0.099
0.0 0.058
0.0 0.007
0.0 0.007
0.0 0.005
0.0 0.007
0.0 0.008
0.0 0.006
0.0 0.006
0.0 0.006
0.0 0.011
0.0 0.009
