0.0 0.193
0.0 0.020
0.0 0.022
0.0 0.019
1.0 0.491
0.0 0.166
0.0 0.021
0.0 0.031
1.0 0.027
0.0 0.029
0.0 0.020
0.0 0.019
0.0 0.024
0.0 0.024
0.0 0.022
0.0 0.023
0.0 0.766
0.0 0.099
1.0 0.344
0.0 0.019
0.0 0.036
0.0 0.022
0.0 0.019
0.0 0.358
0.0 0.198
0.0 0.049
0.0 0.024
0.0 0.022
0.0 0.039
0.0 0.039
0.0 0.021
0.0 0.018
1.0 0.065
0.0 0.020
0.0 0.020
0.0 0.027
0.0 0.020
0.0 0.188
0.0 0.219
0.0 0.240
0.0 0.022
0.0 0.019
0.0 0.028
0.0 0.028
0.0 0.021
0.0 0.020
1.0 0.419
0.0 0.024
0.0 0.149
0.0 0.020
0.0 0.022
0.0 0.029
0.0 0.021
0.0 0.023
0.0 0.249
0.0 0.042
0.0 0.019
0.0 0.019
1.0 0.192
1.0 0.134
0.0 0.021
1.0 0.281
0.0 0.021
0.0 0.020
0.0 0.175
0.0 0.025
0.0 0.021
0.0 0.023
0.0 0.019
0.0 0.020
1.0 0.423
0.0 0.214
0.0 0.021
0.0 0.473
0.0 0.092
0.0 0.022
0.0 0.286
0.0 0.020
0.0 0.400
0.0 0.078
1.0 0.060
0.0 0.028
0.0 0.021
0.0 0.301
0.0 0.022
0.0 0.039
0.0 0.019
0.0 0.046
0.0 0.093
0.0 0.020
0.0 0.045
0.0 0.019
0.0 0.022
0.0 0.019
0.0 0.022
1.0 0.022
0.0 0.018
0.0 0.021
0.0 0.086
1.0 0.232
0.0 0.018
0.0 0.019
0.0 0.019
1.0 0.053
0.0 0.019
1.0 0.161
0.0 0.032
0.0 0.019
0.0 0.027
1.0 0.020
0.0 0.022
1.0 0.346
0.0 0.020
0.0 0.018
0.0 0.038
0.0 0.049
0.0 0.019
0.0 0.019
0.0 0.531
0.0 0.253
0.0 0.022
0.0 0.018
0.0 0.024
0.0 0.019
0.0 0.019
0.0 0.029
0.0 0.024
0.0 0.049
0.0 0.020
0.0 0.019
0.0 0.199
0.0 0.045
0.0 0.026
0.0 0.020
0.0 0.020
0.0 0.219
0.0 0.032
0.0 0.024
0.0 0.062
0.0 0.053
0.0 0.019
0.0 0.020
1.0 0.346
0.0 0.026
0.0 0.045
0.0 0.023
0.0 0.022
0.0 0.021
0.0 0.020
0.0 0.020
0.0 0.021
0.0 0.020
0.0 0.020
0.0 0.033
0.0 0.079
0.0 0.021
0.0 0.021
0.0 0.025
0.0 0.221
0.0 0.024
0.0 0.020
0.0 0.088
0.0 0.035
0.0 0.019
0.0 0.068
0.0 0.019
0.0 0.027
0.0 0.021
0.0 0.018
0.0 0.197
0.0 0.020
1.0 0.028
0.0 0.029
0.0 0.222
0.0 0.019
0.0 0.033
0.0 0.022
1.0 0.168
0.0 0.020
1.0 0.350
0.0 0.064
0.0 0.042
0.0 0.018
1.0 0.599
0.0 0.023
0.0 0.399
0.0 0.023
0.0 0.029
0.0 0.041
0.0 0.291
0.0 0.019
0.0 0.021
0.0 0.024
0.0 0.189
0.0 0.020
1.0 0.170
0.0 0.018
0.0 0.050
0.0 0.146
0.0 0.023
0.0 0.021
0.0 0.024
0.0 0.113
0.0 0.023
0.0 0.215
0.0 0.022
0.0 0.024
0.0 0.023
0.0 0.018
0.0 0.020
0.0 0.054
0.0 0.024
1.0 0.093
0.0 0.023
0.0 0.019
0.0 0.023
0.0 0.020
0.0 0.021
0.0 0.020
0.0 0.020
0.0 0.022
0.0 0.021
0.0 0.021
0.0 0.019
0.0 0.019
0.0 0.057
0.0 0.023
0.0 0.022
0.0 0.019
0.0 0.028
1.0 0.335
0.0 0.022
0.0 0.020
0.0 0.033
0.0 0.021
1.0 0.155
0.0 0.018
0.0 0.022
0.0 0.191
0.0 0.020
0.0 0.177
0.0 0.025
0.0 0.283
0.0 0.025
0.0 0.019
1.0 0.121
0.0 0.020
0.0 0.021
1.0 0.142
1.0 0.064
0.0 0.023
0.0 0.030
0.0 0.022
0.0 0.019
1.0 0.245
0.0 0.018
0.0 0.030
0.0 0.023
0.0 0.018
0.0 0.022
0.0 0.030
0.0 0.018
0.0 0.032
0.0 0.019
0.0 0.018
0.0 0.140
0.0 0.021
0.0 0.035
0.0 0.020
0.0 0.023
1.0 0.032
0.0 0.018
0.0 0.022
0.0 0.018
0.0 0.021
0.0 0.021
0.0 0.102
1.0 0.032
0.0 0.019
0.0 0.022
0.0 0.026
0.0 0.020
0.0 0.018
0.0 0.037
0.0 0.193
0.0 0.060
0.0 0.024
0.0 0.104
1.0 0.379
0.0 0.243
0.0 0.020
1.0 0.301
0.0 0.019
0.0 0.040
0.0 0.146
0.0 0.029
0.0 0.141
0.0 0.022
0.0 0.199
0.0 0.043
0.0 0.022
0.0 0.023
0.0 0.078
0.0 0.025
0.0 0.048
0.0 0.042
1.0 0.295
1.0 0.285
0.0 0.022
0.0 0.018
1.0 0.155
0.0 0.056
0.0 0.020
0.0 0.220
0.0 0.021
0.0 0.020
0.0 0.158
0.0 0.023
0.0 0.022
0.0 0.025
0.0 0.020
0.0 0.018
0.0 0.233
0.0 0.211
0.0 0.025
0.0 0.021
0.0 0.113
0.0 0.144
0.0 0.042
0.0 0.036
0.0 0.021
0.0 0.020
0.0 0.152
0.0 0.046
0.0 0.020
0.0 0.026
0.0 0.023
1.0 0.443
0.0 0.042
0.0 0.020
0.0 0.019
0.0 0.020
0.0 0.120
0.0 0.018
0.0 0.021
0.0 0.030
1.0 0.021
0.0 0.019
0.0 0.020
0.0 0.019
0.0 0.021
0.0 0.021
0.0 0.020
0.0 0.021
0.0 0.019
0.0 0.020
1.0 0.163
0.0 0.042
0.0 0.111
0.0 0.298
0.0 0.019
0.0 0.020
0.0 0.021
0.0 0.227
0.0 0.049
0.0 0.024
0.0 0.022
0.0 0.019
0.0 0.024
1.0 0.442
0.0 0.023
0.0 0.023
0.0 0.028
0.0 0.022
0.0 0.043
0.0 0.019
0.0 0.161
0.0 0.029
0.0 0.024
0.0 0.022
0.0 0.206
1.0 0.121
0.0 0.026
0.0 0.020
0.0 0.050
0.0 0.020
0.0 0.028
0.0 0.028
0.0 0.036
0.0 0.136
0.0 0.018
0.0 0.049
0.0 0.020
0.0 0.037
0.0 0.020
0.0 0.027
0.0 0.019
0.0 0.021
0.0 0.037
0.0 0.119
0.0 0.018
0.0 0.020
0.0 0.028
1.0 0.214
0.0 0.021
0.0 0.019
0.0 0.611
0.0 0.022
0.0 0.240
0.0 0.021
0.0 0.019
1.0 0.452
0.0 0.076
0.0 0.020
0.0 0.019
0.0 0.021
0.0 0.019
0.0 0.022
0.0 0.017
0.0 0.018
0.0 0.022
0.0 0.020
0.0 0.036
0.0 0.029
0.0 0.019
0.0 0.024
0.0 0.019
0.0 0.019
0.0 0.025
0.0 0.023
0.0 0.030
0.0 0.022
0.0 0.083
0.0 0.021
0.0 0.022
0.0 0.048
0.0 0.019
0.0 0.231
0.0 0.076
0.0 0.019
1.0 0.030
0.0 0.241
0.0 0.021
0.0 0.022
0.0 0.043
0.0 0.021
0.0 0.315
0.0 0.060
0.0 0.024
0.0 0.019
0.0 0.023
0.0 0.124
0.0 0.020
0.0 0.077
0.0 0.019
0.0 0.019
0.0 0.021
0.0 0.022
0.0 0.022
0.0 0.197
0.0 0.250
0.0 0.113
0.0 0.025
0.0 0.019
0.0 0.020
0.0 0.020
0.0 0.018
1.0 0.364
0.0 0.041
0.0 0.019
0.0 0.018
0.0 0.021
0.0 0.020
0.0 0.134
0.0 0.021
1.0 0.090
0.0 0.199
0.0 0.020
0.0 0.018
0.0 0.039
0.0 0.023
0.0 0.020
0.0 0.083
0.0 0.021
0.0 0.047
0.0 0.020
0.0 0.039
1.0 0.112
0.0 0.421
0.0 0.021
0.0 0.028
0.0 0.024
0.0 0.019
1.0 0.088
0.0 0.153
0.0 0.020
0.0 0.022
0.0 0.150
0.0 0.020
0.0 0.020
0.0 0.221
0.0 0.018
0.0 0.020
1.0 0.180
0.0 0.020
0.0 0.020
0.0 0.019
0.0 0.186
0.0 0.019
0.0 0.227
0.0 0.020
1.0 0.193
0.0 0.036
0.0 0.019
0.0 0.026
0.0 0.023
0.0 0.025
0.0 0.018
0.0 0.022
0.0 0.022
0.0 0.020
0.0 0.019
0.0 0.043
0.0 0.020
0.0 0.023
0.0 0.108
0.0 0.025
0.0 0.022
0.0 0.029
0.0 0.022
1.0 0.210
0.0 0.223
0.0 0.024
0.0 0.241
0.0 0.207
0.0 0.196
0.0 0.024
0.0 0.031
0.0 0.020
0.0 0.019
0.0 0.020
0.0 0.027
1.0 0.256
0.0 0.022
0.0 0.025
0.0 0.019
0.0 0.020
1.0 0.217
0.0 0.044
0.0 0.025
0.0 0.119
0.0 0.027
0.0 0.021
1.0 0.309
0.0 0.027
0.0 0.021
0.0 0.295
0.0 0.024
0.0 0.105
0.0 0.022
0.0 0.023
0.0 0.021
0.0 0.021
0.0 0.027
0.0 0.074
0.0 0.052
0.0 0.020
0.0 0.022
0.0 0.020
0.0 0.025
0.0 0.034
0.0 0.056
0.0 0.025
1.0 0.274
0.0 0.022
0.0 0.036
0.0 0.020
1.0 0.262
0.0 0.038
0.0 0.026
0.0 0.073
0.0 0.020
0.0 0.018
0.0 0.021
0.0 0.020
0.0 0.028
0.0 0.024
0.0 0.022
1.0 0.358
0.0 0.039
0.0 0.091
0.0 0.020
0.0 0.032
0.0 0.028
0.0 0.021
0.0 0.021
0.0 0.024
1.0 0.067
0.0 0.324
1.0 0.157
0.0 0.020
0.0 0.022
0.0 0.020
0.0 0.025
0.0 0.019
0.0 0.022
0.0 0.021
0.0 0.146
0.0 0.019
1.0 0.188
1.0 0.211
0.0 0.021
0.0 0.024
0.0 0.020
0.0 0.020
0.0 0.062
1.0 0.599
0.0 0.024
0.0 0.022
0.0 0.023
0.0 0.019
0.0 0.022
1.0 0.279
0.0 0.044
0.0 0.159
0.0 0.019
1.0 0.268
0.0 0.033
0.0 0.027
0.0 0.018
0.0 0.019
0.0 0.019
0.0 0.020
0.0 0.020
0.0 0.021
1.0 0.453
0.0 0.020
0.0 0.200
0.0 0.033
0.0 0.022
0.0 0.024
0.0 0.018
0.0 0.019
0.0 0.020
0.0 0.019
0.0 0.020
0.0 0.021
0.0 0.019
0.0 0.020
0.0 0.051
1.0 0.235
0.0 0.024
0.0 0.024
0.0 0.018
0.0 0.166
1.0 0.264
0.0 0.019
0.0 0.029
0.0 0.021
0.0 0.022
0.0 0.027
0.0 0.116
0.0 0.084
0.0 0.032
0.0 0.030
0.0 0.019
0.0 0.018
0.0 0.022
0.0 0.025
0.0 0.222
0.0 0.019
0.0 0.024
1.0 0.070
0.0 0.025
0.0 0.038
0.0 0.037
0.0 0.113
0.0 0.020
0.0 0.021
0.0 0.024
0.0 0.029
0.0 0.019
0.0 0.020
0.0 0.046
0.0 0.064
0.0 0.020
0.0 0.019
0.0 0.022
0.0 0.025
1.0 0.209
0.0 0.018
1.0 0.249
0.0 0.021
0.0 0.021
0.0 0.031
0.0 0.020
0.0 0.021
1.0 0.283
0.0 0.230
0.0 0.049
0.0 0.055
0.0 0.024
0.0 0.026
0.0 0.022
0.0 0.018
1.0 0.307
0.0 0.020
0.0 0.060
0.0 0.019
0.0 0.271
0.0 0.019
0.0 0.179
0.0 0.019
0.0 0.020
0.0 0.018
0.0 0.021
0.0 0.200
0.0 0.020
0.0 0.018
0.0 0.019
0.0 0.025
0.0 0.018
0.0 0.020
0.0 0.022
1.0 0.162
0.0 0.022
0.0 0.060
0.0 0.159
0.0 0.022
0.0 0.028
0.0 0.021
0.0 0.229
0.0 0.187
0.0 0.246
0.0 0.019
0.0 0.098
0.0 0.021
0.0 0.018
0.0 0.018
1.0 0.210
0.0 0.021
0.0 0.076
0.0 0.020
0.0 0.020
0.0 0.020
0.0 0.262
0.0 0.022
0.0 0.022
0.0 0.022
0.0 0.036
0.0 0.033
0.0 0.020
0.0 0.019
0.0 0.040
0.0 0.025
0.0 0.031
0.0 0.104
0.0 0.030
1.0 0.369
0.0 0.119
0.0 0.024
0.0 0.021
0.0 0.020
0.0 0.213
0.0 0.021
0.0 0.024
0.0 0.019
0.0 0.019
0.0 0.100
1.0 0.171
0.0 0.218
0.0 0.020
0.0 0.168
0.0 0.020
0.0 0.030
0.0 0.020
0.0 0.023
0.0 0.105
0.0 0.023
0.0 0.019
0.0 0.031
0.0 0.020
0.0 0.018
0.0 0.045
0.0 0.119
0.0 0.022
0.0 0.026
0.0 0.019
0.0 0.022
0.0 0.021
0.0 0.027
0.0 0.032
0.0 0.020
0.0 0.240
0.0 0.031
0.0 0.027
0.0 0.069
0.0 0.018
0.0 0.028
0.0 0.019
0.0 0.222
0.0 0.020
0.0 0.025
0.0 0.035
0.0 0.159
0.0 0.024
0.0 0.021
0.0 0.019
0.0 0.045
0.0 0.046
0.0 0.031
0.0 0.177
0.0 0.080
0.0 0.018
0.0 0.019
0.0 0.023
0.0 0.027
0.0 0.021
0.0 0.031
0.0 0.131
0.0 0.020
0.0 0.027
0.0 0.022
1.0 0.246
1.0 0.131
0.0 0.038
0.0 0.019
0.0 0.021
0.0 0.020
1.0 0.323
1.0 0.352
0.0 0.021
0.0 0.022
0.0 0.023
0.0 0.021
0.0 0.040
0.0 0.018
0.0 0.025
0.0 0.047
0.0 0.023
0.0 0.018
0.0 0.023
0.0 0.020
0.0 0.030
1.0 0.261
0.0 0.020
0.0 0.018
0.0 0.021
0.0 0.020
0.0 0.042
0.0 0.185
0.0 0.021
0.0 0.025
1.0 0.174
0.0 0.019
0.0 0.020
0.0 0.020
0.0 0.018
0.0 0.022
0.0 0.237
0.0 0.019
0.0 0.020
0.0 0.026
0.0 0.056
0.0 0.022
0.0 0.021
0.0 0.021
0.0 0.030
0.0 0.019
1.0 0.029
0.0 0.023
0.0 0.020
0.0 0.148
0.0 0.020
0.0 0.033
0.0 0.051
0.0 0.022
1.0 0.487
0.0 0.020
0.0 0.019
1.0 0.419
1.0 0.082
1.0 0.062
0.0 0.027
0.0 0.025
0.0 0.022
0.0 0.024
0.0 0.021
0.0 0.031
0.0 0.101
0.0 0.023
1.0 0.258
0.0 0.023
1.0 0.261
0.0 0.019
0.0 0.022
0.0 0.022
0.0 0.020
0.0 0.145
0.0 0.054
0.0 0.029
0.0 0.214
0.0 0.021
0.0 0.019
0.0 0.022
1.0 0.255
0.0 0.020
0.0 0.211
0.0 0.024
0.0 0.019
0.0 0.440
0.0 0.069
0.0 0.022
0.0 0.143
0.0 0.068
0.0 0.027
0.0 0.023
0.0 0.044
1.0 0.033
0.0 0.187
1.0 0.247
0.0 0.023
0.0 0.019
0.0 0.022
0.0 0.019
0.0 0.025
0.0 0.021
0.0 0.022
0.0 0.019
0.0 0.023
1.0 0.387
0.0 0.018
1.0 0.030
0.0 0.022
0.0 0.042
0.0 0.020
0.0 0.049
0.0 0.020
0.0 0.019
0.0 0.021
0.0 0.106
0.0 0.020
0.0 0.021
0.0 0.050
0.0 0.020
0.0 0.026
0.0 0.019
0.0 0.039
0.0 0.022
0.0 0.021
0.0 0.020
0.0 0.027
1.0 0.135
0.0 0.025
0.0 0.033
0.0 0.019
0.0 0.021
0.0 0.020
0.0 0.039
0.0 0.108
0.0 0.020
0.0 0.019
0.0 0.036
0.0 0.200
0.0 0.022
0.0 0.024
0.0 0.018
1.0 0.369
0.0 0.030
0.0 0.019
0.0 0.031
0.0 0.019
0.0 0.025
0.0 0.023
0.0 0.211
0.0 0.020
0.0 0.048
0.0 0.020
0.0 0.021
0.0 0.034
0.0 0.019
0.0 0.020
0.0 0.020
1.0 0.216
0.0 0.063
0.0 0.022
0.0 0.021
0.0 0.022
0.0 0.049
0.0 0.019
0.0 0.018
1.0 0.368
0.0 0.035
0.0 0.022
0.0 0.026
0.0 0.043
0.0 0.022
1.0 0.302
0.0 0.025
0.0 0.045
0.0 0.020
0.0 0.028
0.0 0.023
0.0 0.048
0.0 0.021
0.0 0.019
0.0 0.027
0.0 0.024
0.0 0.019
0.0 0.021
0.0 0.026
0.0 0.026
0.0 0.034
0.0 0.028
0.0 0.041
0.0 0.019
0.0 0.042
0.0 0.022
1.0 0.596
0.0 0.022
0.0 0.022
0.0 0.029
0.0 0.024
0.0 0.020
0.0 0.021
0.0 0.111
0.0 0.041
0.0 0.025
0.0 0.019
0.0 0.060
0.0 0.108
0.0 0.061
1.0 0.457
0.0 0.021
0.0 0.021
0.0 0.019
0.0 0.019
0.0 0.020
0.0 0.037
0.0 0.190
0.0 0.196
0.0 0.239
0.0 0.022
0.0 0.026
0.0 0.120
0.0 0.205
0.0 0.106
0.0 0.021
0.0 0.023
0.0 0.020
0.0 0.064
0.0 0.083
0.0 0.030
0.0 0.020
0.0 0.030
0.0 0.020
0.0 0.019
0.0 0.166
0.0 0.063
0.0 0.019
0.0 0.022
0.0 0.028
0.0 0.022
0.0 0.020
0.0 0.018
0.0 0.024
0.0 0.023
0.0 0.021
0.0 0.265
0.0 0.269
0.0 0.139
0.0 0.020
0.0 0.019
0.0 0.019
0.0 0.019
0.0 0.027
0.0 0.063
0.0 0.025
0.0 0.020
0.0 0.025
0.0 0.566
0.0 0.019
0.0 0.023
0.0 0.228
0.0 0.025
0.0 0.027
0.0 0.136
0.0 0.021
0.0 0.026
0.0 0.024
0.0 0.030
0.0 0.027
0.0 0.053
0.0 0.018
0.0 0.032
0.0 0.178
0.0 0.020
0.0 0.255
0.0 0.123
0.0 0.164
0.0 0.020
0.0 0.021
0.0 0.079
0.0 0.020
0.0 0.022
0.0 0.019
0.0 0.018
1.0 0.191
0.0 0.027
0.0 0.029
0.0 0.028
0.0 0.019
1.0 0.216
0.0 0.020
0.0 0.031
0.0 0.194
1.0 0.239
0.0 0.020
0.0 0.019
0.0 0.020
0.0 0.021
0.0 0.023
0.0 0.024
1.0 0.472
0.0 0.021
0.0 0.021
0.0 0.083
0.0 0.024
0.0 0.062
0.0 0.029
0.0 0.023
0.0 0.067
0.0 0.169
0.0 0.021
0.0 0.202
1.0 0.654
0.0 0.024
0.0 0.023
0.0 0.027
0.0 0.057
0.0 0.021
0.0 0.019
0.0 0.020
0.0 0.019
0.0 0.019
0.0 0.045
0.0 0.158
0.0 0.021
0.0 0.022
0.0 0.029
0.0 0.019
0.0 0.049
0.0 0.026
0.0 0.178
0.0 0.021
0.0 0.064
1.0 0.069
0.0 0.045
0.0 0.020
0.0 0.021
0.0 0.030
1.0 0.372
0.0 0.043
0.0 0.066
0.0 0.169
0.0 0.030
0.0 0.046
0.0 0.020
0.0 0.077
0.0 0.031
0.0 0.021
1.0 0.175
1.0 0.122
0.0 0.022
0.0 0.199
0.0 0.036
0.0 0.026
0.0 0.022
0.0 0.065
0.0 0.020
0.0 0.020
0.0 0.023
0.0 0.054
0.0 0.020
0.0 0.018
1.0 0.049
0.0 0.021
0.0 0.019
0.0 0.025
0.0 0.289
0.0 0.045
0.0 0.020
0.0 0.025
0.0 0.021
0.0 0.021
0.0 0.096
0.0 0.021
0.0 0.020
0.0 0.021
0.0 0.032
1.0 0.573
0.0 0.018
0.0 0.021
0.0 0.019
0.0 0.042
0.0 0.024
0.0 0.184
0.0 0.020
0.0 0.028
0.0 0.022
0.0 0.121
0.0 0.026
0.0 0.023
0.0 0.020
0.0 0.087
0.0 0.202
0.0 0.019
0.0 0.022
0.0 0.167
0.0 0.022
0.0 0.020
0.0 0.022
0.0 0.019
0.0 0.026
0.0 0.023
0.0 0.034
0.0 0.026
0.0 0.198
0.0 0.028
0.0 0.020
0.0 0.025
0.0 0.035
0.0 0.148
0.0 0.030
0.0 0.019
0.0 0.024
0.0 0.022
0.0 0.020
0.0 0.019
0.0 0.069
0.0 0.023
0.0 0.028
0.0 0.022
0.0 0.193
0.0 0.219
0.0 0.115
0.0 0.020
0.0 0.019
0.0 0.027
0.0 0.026
0.0 0.022
0.0 0.021
0.0 0.019
0.0 0.042
0.0 0.019
0.0 0.021
1.0 0.214
0.0 0.037
0.0 0.024
0.0 0.044
0.0 0.034
0.0 0.045
0.0 0.022
0.0 0.025
0.0 0.029
0.0 0.025
0.0 0.028
0.0 0.020
1.0 0.214
0.0 0.020
0.0 0.021
0.0 0.020
0.0 0.024
1.0 0.197
0.0 0.019
0.0 0.024
0.0 0.023
0.0 0.034
1.0 0.141
0.0 0.021
0.0 0.019
0.0 0.028
1.0 0.189
1.0 0.127
0.0 0.020
0.0 0.464
0.0 0.020
0.0 0.018
0.0 0.189
0.0 0.021
1.0 0.149
0.0 0.071
0.0 0.020
0.0 0.099
1.0 0.143
0.0 0.021
0.0 0.248
0.0 0.020
0.0 0.018
0.0 0.020
0.0 0.110
0.0 0.019
0.0 0.023
0.0 0.020
0.0 0.028
0.0 0.021
1.0 0.232
0.0 0.039
0.0 0.019
0.0 0.022
0.0 0.026
0.0 0.029
1.0 0.237
1.0 0.315
1.0 0.232
0.0 0.020
1.0 0.263
0.0 0.158
0.0 0.020
0.0 0.021
0.0 0.023
0.0 0.018
0.0 0.023
0.0 0.024
0.0 0.024
0.0 0.031
0.0 0.019
0.0 0.034
0.0 0.027
1.0 0.060
0.0 0.020
0.0 0.019
0.0 0.028
0.0 0.019
0.0 0.058
0.0 0.032
0.0 0.139
0.0 0.021
0.0 0.018
0.0 0.063
0.0 0.101
0.0 0.236
0.0 0.281
0.0 0.018
0.0 0.223
0.0 0.019
0.0 0.020
0.0 0.025
0.0 0.018
0.0 0.043
0.0 0.023
0.0 0.020
0.0 0.027
0.0 0.022
0.0 0.021
0.0 0.216
0.0 0.097
0.0 0.019
0.0 0.019
0.0 0.019
0.0 0.020
1.0 0.215
0.0 0.020
0.0 0.020
0.0 0.019
0.0 0.070
0.0 0.020
0.0 0.181
0.0 0.021
0.0 0.022
0.0 0.019
0.0 0.018
0.0 0.029
0.0 0.020
1.0 0.244
0.0 0.040
0.0 0.165
1.0 0.026
0.0 0.135
0.0 0.035
0.0 0.031
0.0 0.022
0.0 0.021
0.0 0.052
0.0 0.019
0.0 0.038
0.0 0.217
0.0 0.045
0.0 0.021
0.0 0.031
0.0 0.019
0.0 0.019
0.0 0.019
0.0 0.031
0.0 0.024
0.0 0.041
0.0 0.020
0.0 0.022
0.0 0.018
0.0 0.022
0.0 0.029
0.0 0.109
0.0 0.044
0.0 0.018
1.0 0.187
0.0 0.022
0.0 0.029
0.0 0.021
0.0 0.018
0.0 0.105
0.0 0.067
0.0 0.063
0.0 0.021
0.0 0.020
0.0 0.021
0.0 0.022
0.0 0.178
0.0 0.023
0.0 0.130
0.0 0.020
0.0 0.021
0.0 0.019
0.0 0.020
0.0 0.024
0.0 0.167
0.0 0.023
0.0 0.054
0.0 0.020
0.0 0.022
0.0 0.085
0.0 0.037
0.0 0.026
0.0 0.021
0.0 0.019
0.0 0.020
0.0 0.020
0.0 0.188
0.0 0.019
0.0 0.023
1.0 0.027
0.0 0.020
0.0 0.021
0.0 0.020
0.0 0.045
0.0 0.020
0.0 0.289
0.0 0.020
0.0 0.044
0.0 0.019
0.0 0.039
0.0 0.021
0.0 0.058
0.0 0.026
1.0 0.154
0.0 0.018
0.0 0.031
0.0 0.038
0.0 0.019
0.0 0.023
0.0 0.044
0.0 0.027
0.0 0.024
0.0 0.158
0.0 0.023
0.0 0.019
0.0 0.019
0.0 0.028
0.0 0.020
0.0 0.024
0.0 0.020
0.0 0.026
0.0 0.020
0.0 0.021
0.0 0.033
0.0 0.022
0.0 0.019
1.0 0.462
0.0 0.021
0.0 0.038
0.0 0.021
0.0 0.021
0.0 0.019
1.0 0.369
0.0 0.032
0.0 0.019
0.0 0.018
0.0 0.020
0.0 0.027
0.0 0.106
0.0 0.022
0.0 0.021
0.0 0.019
0.0 0.019
0.0 0.030
0.0 0.029
0.0 0.020
1.0 0.529
0.0 0.021
0.0 0.077
0.0 0.020
0.0 0.019
0.0 0.028
0.0 0.061
0.0 0.020
0.0 0.021
0.0 0.028
0.0 0.021
0.0 0.021
0.0 0.031
0.0 0.023
0.0 0.017
0.0 0.019
0.0 0.022
0.0 0.024
0.0 0.070
0.0 0.024
0.0 0.019
0.0 0.020
0.0 0.031
0.0 0.020
0.0 0.024
0.0 0.042
0.0 0.034
0.0 0.018
0.0 0.072
0.0 0.020
0.0 0.020
0.0 0.022
1.0 0.156
0.0 0.019
0.0 0.180
0.0 0.024
0.0 0.182
0.0 0.282
0.0 0.021
0.0 0.022
0.0 0.253
0.0 0.022
0.0 0.040
0.0 0.026
0.0 0.127
0.0 0.019
0.0 0.019
0.0 0.023
0.0 0.033
0.0 0.028
0.0 0.021
0.0 0.019
0.0 0.028
0.0 0.028
0.0 0.022
0.0 0.018
0.0 0.047
0.0 0.220
0.0 0.021
0.0 0.025
0.0 0.038
0.0 0.026
0.0 0.024
0.0 0.027
0.0 0.025
0.0 0.020
0.0 0.107
0.0 0.018
0.0 0.024
0.0 0.027
0.0 0.023
0.0 0.023
0.0 0.024
0.0 0.044
0.0 0.019
0.0 0.019
0.0 0.019
0.0 0.019
0.0 0.022
0.0 0.025
0.0 0.019
0.0 0.019
0.0 0.251
0.0 0.023
0.0 0.065
0.0 0.171
0.0 0.020
0.0 0.025
1.0 0.542
0.0 0.020
0.0 0.041
1.0 0.106
0.0 0.020
0.0 0.019
0.0 0.027
0.0 0.027
0.0 0.023
0.0 0.026
0.0 0.028
0.0 0.042
0.0 0.168
0.0 0.180
0.0 0.050
0.0 0.036
0.0 0.021
0.0 0.021
0.0 0.093
0.0 0.020
0.0 0.020
0.0 0.026
0.0 0.027
0.0 0.021
0.0 0.049
0.0 0.032
0.0 0.027
0.0 0.071
0.0 0.240
0.0 0.274
0.0 0.019
0.0 0.022
0.0 0.021
0.0 0.027
0.0 0.026
0.0 0.034
0.0 0.172
0.0 0.022
0.0 0.018
0.0 0.044
0.0 0.021
0.0 0.027
0.0 0.020
0.0 0.023
0.0 0.020
0.0 0.031
0.0 0.021
1.0 0.177
0.0 0.085
0.0 0.022
0.0 0.313
0.0 0.044
0.0 0.035
0.0 0.278
0.0 0.021
0.0 0.032
0.0 0.023
0.0 0.020
0.0 0.019
0.0 0.067
0.0 0.032
0.0 0.019
0.0 0.025
0.0 0.132
0.0 0.215
0.0 0.021
0.0 0.024
0.0 0.022
0.0 0.093
0.0 0.021
0.0 0.023
1.0 0.207
0.0 0.023
0.0 0.019
0.0 0.021
0.0 0.018
1.0 0.071
0.0 0.073
0.0 0.019
0.0 0.067
0.0 0.037
0.0 0.090
0.0 0.020
0.0 0.023
0.0 0.021
1.0 0.067
0.0 0.206
0.0 0.028
0.0 0.029
0.0 0.020
0.0 0.020
0.0 0.018
0.0 0.020
0.0 0.022
0.0 0.019
0.0 0.020
0.0 0.021
0.0 0.025
0.0 0.031
0.0 0.078
0.0 0.019
0.0 0.019
0.0 0.041
0.0 0.021
0.0 0.026
0.0 0.033
0.0 0.028
0.0 0.019
0.0 0.191
0.0 0.021
0.0 0.024
0.0 0.036
0.0 0.176
0.0 0.020
1.0 0.340
0.0 0.021
0.0 0.018
1.0 0.045
0.0 0.028
0.0 0.019
0.0 0.024
0.0 0.055
0.0 0.028
1.0 0.270
0.0 0.025
1.0 0.339
0.0 0.020
0.0 0.028
0.0 0.348
0.0 0.123
0.0 0.025
0.0 0.023
0.0 0.020
0.0 0.021
0.0 0.024
0.0 0.042
0.0 0.022
0.0 0.022
0.0 0.038
0.0 0.053
0.0 0.022
0.0 0.027
0.0 0.021
0.0 0.018
0.0 0.020
0.0 0.022
1.0 0.219
0.0 0.027
0.0 0.025
0.0 0.024
0.0 0.019
0.0 0.028
0.0 0.032
0.0 0.019
0.0 0.020
0.0 0.020
0.0 0.065
0.0 0.030
0.0 0.024
1.0 0.190
0.0 0.028
0.0 0.024
0.0 0.031
0.0 0.032
0.0 0.018
0.0 0.023
0.0 0.019
0.0 0.021
0.0 0.023
0.0 0.136
0.0 0.066
0.0 0.025
0.0 0.020
0.0 0.019
0.0 0.019
0.0 0.024
0.0 0.019
0.0 0.447
0.0 0.018
0.0 0.023
0.0 0.019
0.0 0.305
0.0 0.025
0.0 0.019
0.0 0.021
0.0 0.020
0.0 0.019
0.0 0.019
0.0 0.019
0.0 0.024
0.0 0.021
0.0 0.019
0.0 0.061
0.0 0.018
0.0 0.025
0.0 0.020
0.0 0.046
0.0 0.090
0.0 0.025
0.0 0.019
0.0 0.025
0.0 0.118
0.0 0.018
0.0 0.023
0.0 0.275
1.0 0.234
0.0 0.019
0.0 0.019
0.0 0.029
0.0 0.036
0.0 0.020
0.0 0.152
0.0 0.028
0.0 0.020
0.0 0.101
0.0 0.020
0.0 0.199
0.0 0.019
0.0 0.028
0.0 0.030
0.0 0.017
0.0 0.023
0.0 0.020
1.0 0.045
0.0 0.020
0.0 0.018
0.0 0.020
0.0 0.023
1.0 0.155
0.0 0.028
0.0 0.019
0.0 0.027
0.0 0.022
0.0 0.031
0.0 0.022
0.0 0.023
0.0 0.045
0.0 0.032
0.0 0.023
0.0 0.023
0.0 0.026
0.0 0.108
0.0 0.020
0.0 0.020
0.0 0.020
0.0 0.022
0.0 0.022
0.0 0.036
0.0 0.137
0.0 0.023
1.0 0.166
0.0 0.020
0.0 0.019
0.0 0.021
0.0 0.024
0.0 0.032
0.0 0.019
0.0 0.021
0.0 0.021
0.0 0.025
0.0 0.169
0.0 0.029
0.0 0.022
0.0 0.021
0.0 0.019
0.0 0.021
0.0 0.047
1.0 0.058
0.0 0.022
0.0 0.129
0.0 0.018
1.0 0.180
0.0 0.019
0.0 0.018
0.0 0.027
0.0 0.027
0.0 0.304
0.0 0.019
0.0 0.035
0.0 0.025
0.0 0.047
1.0 0.206
0.0 0.020
0.0 0.026
0.0 0.052
1.0 0.639
0.0 0.022
0.0 0.023
0.0 0.031
0.0 0.046
1.0 0.044
0.0 0.022
0.0 0.019
0.0 0.029
0.0 0.021
0.0 0.029
0.0 0.200
0.0 0.020
1.0 0.263
0.0 0.201
0.0 0.034
0.0 0.037
0.0 0.180
0.0 0.020
0.0 0.021
0.0 0.018
0.0 0.021
0.0 0.019
0.0 0.032
0.0 0.020
0.0 0.020
0.0 0.020
0.0 0.019
0.0 0.128
1.0 0.054
0.0 0.146
0.0 0.019
0.0 0.021
1.0 0.197
0.0 0.020
0.0 0.018
0.0 0.026
0.0 0.029
0.0 0.021
0.0 0.024
0.0 0.031
1.0 0.131
0.0 0.020
0.0 0.080
0.0 0.019
0.0 0.021
0.0 0.022
0.0 0.023
0.0 0.022
0.0 0.282
0.0 0.121
0.0 0.019
0.0 0.019
0.0 0.026
0.0 0.020
0.0 0.050
0.0 0.019
0.0 0.018
0.0 0.020
0.0 0.025
0.0 0.019
0.0 0.023
0.0 0.022
0.0 0.050
1.0 0.178
0.0 0.045
0.0 0.019
0.0 0.033
0.0 0.019
0.0 0.021
0.0 0.025
0.0 0.024
1.0 0.520
0.0 0.199
0.0 0.020
1.0 0.074
0.0 0.063
0.0 0.238
0.0 0.020
0.0 0.029
0.0 0.021
0.0 0.029
0.0 0.026
0.0 0.019
0.0 0.019
0.0 0.019
0.0 0.025
1.0 0.472
0.0 0.019
0.0 0.022
0.0 0.032
0.0 0.025
0.0 0.018
0.0 0.018
0.0 0.020
0.0 0.024
0.0 0.019
0.0 0.239
0.0 0.019
0.0 0.018
0.0 0.021
0.0 0.023
0.0 0.029
0.0 0.178
0.0 0.024
0.0 0.035
0.0 0.019
0.0 0.021
0.0 0.022
0.0 0.019
1.0 0.504
0.0 0.128
0.0 0.020
0.0 0.019
0.0 0.020
0.0 0.026
0.0 0.021
0.0 0.190
0.0 0.019
0.0 0.167
0.0 0.023
0.0 0.024
1.0 0.111
1.0 0.211
0.0 0.020
0.0 0.047
0.0 0.019
0.0 0.019
0.0 0.028
0.0 0.026
0.0 0.018
0.0 0.019
0.0 0.020
0.0 0.024
0.0 0.172
0.0 0.028
1.0 0.390
0.0 0.036
0.0 0.018
0.0 0.033
0.0 0.026
0.0 0.022
0.0 0.155
0.0 0.022
0.0 0.022
0.0 0.022
0.0 0.022
0.0 0.025
1.0 0.394
0.0 0.025
0.0 0.020
1.0 0.289
1.0 0.232
0.0 0.021
0.0 0.028
0.0 0.019
0.0 0.029
0.0 0.024
0.0 0.019
0.0 0.022
0.0 0.028
1.0 0.505
0.0 0.019
0.0 0.038
0.0 0.019
0.0 0.020
0.0 0.019
1.0 0.184
0.0 0.049
0.0 0.019
0.0 0.035
0.0 0.020
0.0 0.088
0.0 0.020
0.0 0.021
0.0 0.021
0.0 0.023
0.0 0.244
1.0 0.052
0.0 0.021
0.0 0.252
1.0 0.229
0.0 0.019
0.0 0.037
1.0 0.222
0.0 0.020
0.0 0.020
0.0 0.018
0.0 0.027
0.0 0.018
0.0 0.022
0.0 0.021
0.0 0.021
0.0 0.150
0.0 0.019
0.0 0.021
0.0 0.019
0.0 0.040
0.0 0.027
0.0 0.019
0.0 0.019
0.0 0.029
0.0 0.020
0.0 0.025
0.0 0.041
0.0 0.023
0.0 0.018
0.0 0.026
1.0 0.429
0.0 0.032
0.0 0.020
1.0 0.085
1.0 0.200
0.0 0.026
0.0 0.023
0.0 0.022
0.0 0.022
0.0 0.164
0.0 0.030
0.0 0.050
0.0 0.034
0.0 0.034
0.0 0.033
0.0 0.030
0.0 0.021
0.0 0.055
1.0 0.397
0.0 0.022
0.0 0.019
0.0 0.025
0.0 0.021
1.0 0.022
0.0 0.601
0.0 0.023
0.0 0.039
0.0 0.038
0.0 0.240
0.0 0.022
0.0 0.025
0.0 0.026
1.0 0.021
0.0 0.021
0.0 0.381
0.0 0.019
0.0 0.024
0.0 0.020
0.0 0.032
0.0 0.039
0.0 0.027
0.0 0.021
0.0 0.019
0.0 0.019
0.0 0.185
0.0 0.026
0.0 0.040
0.0 0.022
0.0 0.025
0.0 0.019
0.0 0.019
0.0 0.473
0.0 0.019
1.0 0.501
1.0 0.225
0.0 0.723
0.0 0.028
0.0 0.019
0.0 0.026
0.0 0.021
0.0 0.022
0.0 0.028
0.0 0.160
0.0 0.019
0.0 0.022
0.0 0.198
0.0 0.019
0.0 0.034
0.0 0.020
0.0 0.024
0.0 0.041
0.0 0.027
0.0 0.020
0.0 0.020
0.0 0.020
0.0 0.028
0.0 0.023
0.0 0.030
0.0 0.021
0.0 0.021
0.0 0.032
0.0 0.102
0.0 0.019
0.0 0.021
0.0 0.018
0.0 0.021
0.0 0.021
0.0 0.019
0.0 0.021
0.0 0.019
0.0 0.024
0.0 0.151
0.0 0.020
0.0 0.055
0.0 0.026
0.0 0.020
0.0 0.027
0.0 0.021
0.0 0.152
0.0 0.020
0.0 0.037
0.0 0.128
0.0 0.019
0.0 0.033
0.0 0.021
0.0 0.019
0.0 0.198
0.0 0.036
0.0 0.162
0.0 0.056
0.0 0.029
0.0 0.027
0.0 0.019
0.0 0.020
0.0 0.019
0.0 0.023
0.0 0.021
0.0 0.020
0.0 0.036
0.0 0.227
1.0 0.181
0.0 0.020
0.0 0.019
0.0 0.220
1.0 0.296
0.0 0.020
0.0 0.018
0.0 0.021
0.0 0.029
0.0 0.024
0.0 0.023
0.0 0.018
1.0 0.185
0.0 0.025
0.0 0.036
0.0 0.314
0.0 0.018
0.0 0.040
0.0 0.044
0.0 0.095
0.0 0.019
0.0 0.019
0.0 0.023
0.0 0.128
0.0 0.193
0.0 0.147
0.0 0.021
0.0 0.022
0.0 0.030
0.0 0.018
0.0 0.019
0.0 0.020
0.0 0.019
1.0 0.060
0.0 0.127
0.0 0.019
0.0 0.027
0.0 0.021
0.0 0.020
0.0 0.020
0.0 0.046
0.0 0.020
0.0 0.019
0.0 0.022
0.0 0.020
0.0 0.028
0.0 0.024
0.0 0.208
0.0 0.029
0.0 0.031
0.0 0.022
0.0 0.046
0.0 0.061
0.0 0.023
0.0 0.019
0.0 0.026
0.0 0.027
0.0 0.020
0.0 0.038
0.0 0.134
0.0 0.024
0.0 0.022
0.0 0.033
0.0 0.020
0.0 0.019
0.0 0.021
0.0 0.021
0.0 0.168
0.0 0.027
0.0 0.147
0.0 0.020
0.0 0.020
0.0 0.171
0.0 0.047
1.0 0.201
0.0 0.025
0.0 0.022
0.0 0.020
0.0 0.022
1.0 0.593
0.0 0.022
0.0 0.027
0.0 0.019
0.0 0.023
0.0 0.030
0.0 0.148
0.0 0.021
0.0 0.021
0.0 0.026
0.0 0.310
0.0 0.020
0.0 0.023
0.0 0.021
0.0 0.021
0.0 0.020
0.0 0.018
0.0 0.019
0.0 0.019
0.0 0.051
0.0 0.031
0.0 0.170
0.0 0.019
0.0 0.038
0.0 0.081
0.0 0.021
0.0 0.020
0.0 0.175
0.0 0.023
0.0 0.018
0.0 0.023
0.0 0.036
0.0 0.050
0.0 0.022
0.0 0.021
0.0 0.025
0.0 0.019
0.0 0.029
0.0 0.024
0.0 0.119
0.0 0.029
0.0 0.022
0.0 0.019
0.0 0.019
0.0 0.031
0.0 0.019
0.0 0.025
0.0 0.019
1.0 0.269
0.0 0.022
0.0 0.020
1.0 0.409
0.0 0.128
0.0 0.020
0.0 0.046
0.0 0.027
0.0 0.021
0.0 0.018
1.0 0.254
0.0 0.043
0.0 0.018
0.0 0.033
0.0 0.031
0.0 0.021
0.0 0.022
0.0 0.176
0.0 0.230
1.0 0.132
0.0 0.024
0.0 0.025
0.0 0.018
0.0 0.019
0.0 0.175
0.0 0.020
0.0 0.020
0.0 0.211
0.0 0.021
0.0 0.031
0.0 0.031
0.0 0.190
0.0 0.019
0.0 0.021
0.0 0.019
1.0 0.028
1.0 0.032
0.0 0.025
1.0 0.148
0.0 0.023
0.0 0.021
0.0 0.077
0.0 0.064
0.0 0.020
0.0 0.037
0.0 0.019
0.0 0.108
0.0 0.022
0.0 0.019
0.0 0.023
0.0 0.019
0.0 0.031
0.0 0.019
0.0 0.041
0.0 0.021
0.0 0.033
0.0 0.284
0.0 0.022
0.0 0.021
0.0 0.021
1.0 0.077
0.0 0.236
1.0 0.207
0.0 0.225
0.0 0.021
0.0 0.019
0.0 0.023
0.0 0.021
0.0 0.020
0.0 0.020
0.0 0.033
0.0 0.018
0.0 0.026
1.0 0.583
0.0 0.019
0.0 0.021
0.0 0.022
0.0 0.052
0.0 0.020
0.0 0.019
0.0 0.018
0.0 0.021
0.0 0.024
0.0 0.053
0.0 0.019
0.0 0.020
0.0 0.024
0.0 0.021
0.0 0.026
0.0 0.040
0.0 0.020
0.0 0.206
0.0 0.020
0.0 0.023
0.0 0.238
0.0 0.101
0.0 0.022
0.0 0.024
0.0 0.022
0.0 0.020
0.0 0.021
0.0 0.019
0.0 0.025
0.0 0.057
1.0 0.058
0.0 0.028
0.0 0.036
0.0 0.020
0.0 0.022
0.0 0.026
0.0 0.023
0.0 0.021
0.0 0.025
0.0 0.018
0.0 0.030
0.0 0.020
0.0 0.019
0.0 0.022
0.0 0.032
0.0 0.024
1.0 0.355
0.0 0.023
0.0 0.050
0.0 0.220
0.0 0.052
0.0 0.018
0.0 0.018
0.0 0.019
0.0 0.019
0.0 0.023
0.0 0.033
0.0 0.026
0.0 0.020
0.0 0.027
0.0 0.030
0.0 0.023
0.0 0.026
0.0 0.022
0.0 0.032
0.0 0.021
0.0 0.024
0.0 0.232
0.0 0.067
0.0 0.019
0.0 0.020
0.0 0.020
0.0 0.021
0.0 0.072
0.0 0.018
0.0 0.023
0.0 0.019
0.0 0.020
0.0 0.019
1.0 0.559
0.0 0.021
0.0 0.025
0.0 0.026
0.0 0.051
0.0 0.021
0.0 0.019
0.0 0.158
0.0 0.023
0.0 0.087
1.0 0.019
0.0 0.028
0.0 0.023
0.0 0.118
0.0 0.028
0.0 0.020
0.0 0.021
0.0 0.021
0.0 0.025
1.0 0.419
1.0 0.193
0.0 0.093
0.0 0.026
0.0 0.020
0.0 0.046
0.0 0.019
0.0 0.044
0.0 0.020
0.0 0.021
1.0 0.230
0.0 0.030
0.0 0.023
1.0 0.432
0.0 0.114
0.0 0.025
0.0 0.021
0.0 0.028
0.0 0.181
0.0 0.085
0.0 0.140
0.0 0.030
0.0 0.019
0.0 0.029
0.0 0.019
0.0 0.020
0.0 0.036
0.0 0.025
0.0 0.019
0.0 0.035
0.0 0.234
0.0 0.027
0.0 0.022
0.0 0.028
0.0 0.027
0.0 0.081
0.0 0.053
1.0 0.086
0.0 0.071
0.0 0.021
0.0 0.029
0.0 0.171
0.0 0.030
0.0 0.022
0.0 0.229
0.0 0.167
1.0 0.447
0.0 0.208
0.0 0.136
0.0 0.019
0.0 0.021
0.0 0.019
0.0 0.022
1.0 0.253
1.0 0.089
0.0 0.021
0.0 0.021
0.0 0.021
0.0 0.030
0.0 0.026
1.0 0.218
0.0 0.018
0.0 0.023
0.0 0.020
1.0 0.181
0.0 0.068
0.0 0.023
0.0 0.082
1.0 0.315
0.0 0.019
0.0 0.037
0.0 0.026
0.0 0.021
0.0 0.254
0.0 0.043
1.0 0.118
0.0 0.022
0.0 0.040
0.0 0.023
0.0 0.020
0.0 0.024
0.0 0.046
0.0 0.021
0.0 0.020
0.0 0.028
0.0 0.105
0.0 0.232
0.0 0.235
0.0 0.028
1.0 0.185
0.0 0.019
0.0 0.197
0.0 0.018
0.0 0.019
0.0 0.209
0.0 0.023
1.0 0.368
1.0 0.031
0.0 0.021
0.0 0.185
0.0 0.020
1.0 0.629
0.0 0.187
0.0 0.104
0.0 0.021
0.0 0.027
0.0 0.021
0.0 0.048
0.0 0.019
1.0 0.041
0.0 0.028
0.0 0.020
0.0 0.035
0.0 0.019
0.0 0.022
0.0 0.030
0.0 0.082
1.0 0.211
0.0 0.020
0.0 0.070
1.0 0.468
0.0 0.024
0.0 0.021
0.0 0.037
0.0 0.018
0.0 0.021
0.0 0.024
0.0 0.048
0.0 0.020
0.0 0.028
0.0 0.039
0.0 0.020
0.0 0.020
0.0 0.019
0.0 0.018
1.0 0.303
0.0 0.021
0.0 0.028
0.0 0.034
0.0 0.019
0.0 0.031
0.0 0.020
1.0 0.197
1.0 0.179
0.0 0.020
0.0 0.026
0.0 0.020
0.0 0.023
0.0 0.020
0.0 0.216
0.0 0.028
0.0 0.019
1.0 0.162
0.0 0.023
1.0 0.055
0.0 0.020
0.0 0.020
0.0 0.019
0.0 0.019
0.0 0.021
0.0 0.021
0.0 0.029
0.0 0.029
0.0 0.022
0.0 0.020
0.0 0.018
0.0 0.026
0.0 0.022
1.0 0.179
0.0 0.021
1.0 0.327
0.0 0.045
0.0 0.059
0.0 0.020
0.0 0.021
1.0 0.231
0.0 0.020
0.0 0.030
0.0 0.020
0.0 0.132
0.0 0.070
1.0 0.095
0.0 0.427
0.0 0.524
0.0 0.026
0.0 0.042
0.0 0.082
0.0 0.022
0.0 0.043
0.0 0.023
0.0 0.020
0.0 0.026
0.0 0.022
0.0 0.021
0.0 0.405
1.0 0.031
0.0 0.021
0.0 0.183
0.0 0.029
0.0 0.021
0.0 0.020
0.0 0.022
0.0 0.019
0.0 0.020
0.0 0.175
0.0 0.026
1.0 0.212
0.0 0.250
1.0 0.125
0.0 0.053
0.0 0.216
0.0 0.022
0.0 0.233
0.0 0.056
0.0 0.020
0.0 0.019
0.0 0.019
0.0 0.030
0.0 0.154
0.0 0.020
0.0 0.020
0.0 0.019
0.0 0.021
0.0 0.019
0.0 0.019
0.0 0.030
0.0 0.019
1.0 0.096
0.0 0.024
0.0 0.025
0.0 0.348
0.0 0.022
0.0 0.027
0.0 0.038
0.0 0.214
0.0 0.019
0.0 0.019
0.0 0.020
0.0 0.019
1.0 0.170
0.0 0.019
0.0 0.035
0.0 0.038
0.0 0.020
0.0 0.020
0.0 0.031
0.0 0.021
0.0 0.026
0.0 0.018
0.0 0.022
0.0 0.022
0.0 0.144
0.0 0.030
0.0 0.220
1.0 0.210
0.0 0.019
0.0 0.023
0.0 0.034
0.0 0.021
0.0 0.026
0.0 0.023
0.0 0.073
0.0 0.019
0.0 0.026
0.0 0.028
0.0 0.026
0.0 0.117
0.0 0.199
0.0 0.021
0.0 0.167
0.0 0.020
0.0 0.022
0.0 0.019
0.0 0.022
0.0 0.031
0.0 0.031
0.0 0.020
0.0 0.028
0.0 0.019
0.0 0.272
0.0 0.020
0.0 0.027
1.0 0.385
0.0 0.020
0.0 0.021
0.0 0.019
1.0 0.235
0.0 0.023
0.0 0.019
0.0 0.144
0.0 0.019
0.0 0.029
0.0 0.020
0.0 0.026
0.0 0.022
0.0 0.020
0.0 0.221
0.0 0.022
0.0 0.019
0.0 0.026
0.0 0.020
0.0 0.033
0.0 0.030
0.0 0.051
0.0 0.019
0.0 0.030
0.0 0.029
0.0 0.019
0.0 0.022
0.0 0.025
0.0 0.046
0.0 0.022
0.0 0.209
0.0 0.020
0.0 0.034
0.0 0.023
0.0 0.019
0.0 0.020
0.0 0.168
1.0 0.116
0.0 0.038
0.0 0.019
0.0 0.029
0.0 0.022
0.0 0.020
1.0 0.218
1.0 0.214
0.0 0.048
0.0 0.018
0.0 0.062
0.0 0.035
1.0 0.187
0.0 0.023
0.0 0.065
0.0 0.023
0.0 0.018
0.0 0.025
0.0 0.021
0.0 0.094
0.0 0.023
0.0 0.236
0.0 0.019
0.0 0.020
0.0 0.036
0.0 0.022
0.0 0.037
0.0 0.052
0.0 0.018
0.0 0.033
1.0 0.118
0.0 0.260
0.0 0.023
0.0 0.019
0.0 0.020
0.0 0.020
0.0 0.028
0.0 0.023
0.0 0.023
0.0 0.026
0.0 0.026
0.0 0.079
0.0 0.024
0.0 0.032
0.0 0.023
0.0 0.020
1.0 0.193
0.0 0.026
0.0 0.031
0.0 0.179
0.0 0.022
0.0 0.025
0.0 0.022
0.0 0.023
0.0 0.018
1.0 0.229
0.0 0.025
0.0 0.021
0.0 0.024
0.0 0.028
0.0 0.029
0.0 0.121
0.0 0.020
0.0 0.185
0.0 0.039
0.0 0.020
0.0 0.030
0.0 0.018
0.0 0.021
0.0 0.019
0.0 0.020
1.0 0.254
0.0 0.177
0.0 0.021
0.0 0.020
0.0 0.020
0.0 0.054
0.0 0.022
0.0 0.028
1.0 0.050
0.0 0.020
0.0 0.047
0.0 0.021
0.0 0.023
0.0 0.019
0.0 0.020
0.0 0.022
0.0 0.182
0.0 0.020
0.0 0.018
0.0 0.235
0.0 0.018
0.0 0.027
0.0 0.042
0.0 0.020
0.0 0.272
0.0 0.091
0.0 0.262
0.0 0.018
0.0 0.026
0.0 0.050
0.0 0.170
0.0 0.022
0.0 0.121
0.0 0.023
0.0 0.021
0.0 0.097
1.0 0.269
0.0 0.025
0.0 0.034
0.0 0.019
0.0 0.037
1.0 0.282
0.0 0.017
0.0 0.022
0.0 0.021
0.0 0.020
0.0 0.022
0.0 0.021
0.0 0.023
0.0 0.030
1.0 0.197
0.0 0.021
0.0 0.020
0.0 0.028
0.0 0.028
0.0 0.029
0.0 0.020
0.0 0.037
0.0 0.062
1.0 0.183
0.0 0.020
0.0 0.024
0.0 0.018
0.0 0.113
0.0 0.042
0.0 0.023
0.0 0.021
0.0 0.040
0.0 0.021
0.0 0.021
0.0 0.208
0.0 0.019
0.0 0.019
0.0 0.023
1.0 0.207
0.0 0.021
0.0 0.037
0.0 0.019
1.0 0.464
0.0 0.024
1.0 0.495
0.0 0.021
0.0 0.023
0.0 0.026
0.0 0.176
0.0 0.022
0.0 0.034
0.0 0.018
0.0 0.184
0.0 0.022
0.0 0.102
1.0 0.425
0.0 0.023
1.0 0.075
0.0 0.108
0.0 0.020
0.0 0.020
0.0 0.021
0.0 0.022
0.0 0.019
0.0 0.026
0.0 0.220
1.0 0.359
0.0 0.180
0.0 0.022
0.0 0.023
0.0 0.019
0.0 0.020
0.0 0.038
0.0 0.018
0.0 0.019
0.0 0.021
0.0 0.048
0.0 0.026
