0.0 0.294
0.0 0.029
0.0 0.031
0.0 0.034
0.0 0.599
1.0 0.264
0.0 0.033
0.0 0.045
1.0 0.043
0.0 0.050
0.0 0.033
0.0 0.029
0.0 0.031
0.0 0.038
0.0 0.038
0.0 0.042
1.0 0.798
0.0 0.128
1.0 0.471
0.0 0.030
0.0 0.064
0.0 0.037
0.0 0.029
1.0 0.507
0.0 0.302
0.0 0.055
0.0 0.039
0.0 0.029
0.0 0.066
0.0 0.070
0.0 0.036
0.0 0.028
0.0 0.102
0.0 0.033
0.0 0.033
0.0 0.048
0.0 0.031
0.0 0.175
0.0 0.282
0.0 0.321
0.0 0.034
0.0 0.032
0.0 0.045
0.0 0.040
0.0 0.028
0.0 0.031
0.0 0.554
0.0 0.035
0.0 0.239
0.0 0.032
0.0 0.035
0.0 0.049
0.0 0.034
0.0 0.032
0.0 0.337
0.0 0.074
0.0 0.026
0.0 0.031
1.0 0.303
0.0 0.216
0.0 0.035
0.0 0.392
0.0 0.033
0.0 0.038
0.0 0.272
0.0 0.047
0.0 0.035
0.0 0.032
0.0 0.028
0.0 0.032
1.0 0.562
1.0 0.323
0.0 0.033
1.0 0.613
0.0 0.132
0.0 0.043
1.0 0.445
0.0 0.030
0.0 0.459
0.0 0.127
0.0 0.120
0.0 0.054
0.0 0.033
1.0 0.409
0.0 0.032
0.0 0.057
0.0 0.027
0.0 0.080
0.0 0.106
0.0 0.034
0.0 0.064
0.0 0.030
0.0 0.036
0.0 0.029
0.0 0.035
0.0 0.035
0.0 0.028
0.0 0.036
0.0 0.143
1.0 0.347
0.0 0.028
0.0 0.032
0.0 0.029
1.0 0.095
0.0 0.028
0.0 0.199
0.0 0.053
0.0 0.032
0.0 0.047
1.0 0.037
0.0 0.036
1.0 0.408
0.0 0.031
0.0 0.027
1.0 0.081
1.0 0.091
0.0 0.031
0.0 0.030
1.0 0.587
1.0 0.352
0.0 0.041
0.0 0.031
0.0 0.040
0.0 0.028
0.0 0.029
1.0 0.061
0.0 0.039
0.0 0.087
0.0 0.032
0.0 0.030
0.0 0.295
1.0 0.084
0.0 0.040
0.0 0.034
0.0 0.034
1.0 0.336
1.0 0.046
0.0 0.044
0.0 0.113
0.0 0.093
0.0 0.030
0.0 0.027
1.0 0.439
0.0 0.045
1.0 0.079
0.0 0.031
0.0 0.035
0.0 0.030
0.0 0.031
0.0 0.028
0.0 0.034
0.0 0.030
0.0 0.030
0.0 0.056
1.0 0.141
0.0 0.034
0.0 0.037
0.0 0.045
0.0 0.334
0.0 0.033
0.0 0.035
1.0 0.188
0.0 0.048
0.0 0.029
0.0 0.104
0.0 0.031
0.0 0.037
0.0 0.034
0.0 0.029
0.0 0.303
0.0 0.036
1.0 0.051
0.0 0.043
0.0 0.310
0.0 0.030
0.0 0.046
0.0 0.037
1.0 0.255
0.0 0.033
0.0 0.453
1.0 0.109
0.0 0.046
0.0 0.031
1.0 0.644
0.0 0.030
1.0 0.510
0.0 0.036
0.0 0.060
0.0 0.078
0.0 0.401
0.0 0.032
0.0 0.029
0.0 0.033
0.0 0.274
0.0 0.030
0.0 0.265
0.0 0.030
0.0 0.103
0.0 0.211
0.0 0.035
0.0 0.036
0.0 0.034
0.0 0.175
0.0 0.038
0.0 0.312
0.0 0.035
0.0 0.046
0.0 0.035
0.0 0.027
0.0 0.035
0.0 0.089
0.0 0.045
0.0 0.139
0.0 0.032
0.0 0.031
0.0 0.036
0.0 0.034
0.0 0.033
0.0 0.030
0.0 0.033
0.0 0.036
0.0 0.035
0.0 0.035
0.0 0.030
0.0 0.031
0.0 0.101
0.0 0.030
0.0 0.038
0.0 0.032
1.0 0.053
1.0 0.440
0.0 0.038
0.0 0.030
0.0 0.052
0.0 0.038
0.0 0.211
0.0 0.028
0.0 0.031
0.0 0.285
0.0 0.032
1.0 0.309
0.0 0.037
0.0 0.352
0.0 0.042
0.0 0.029
1.0 0.188
0.0 0.029
0.0 0.035
1.0 0.217
0.0 0.076
0.0 0.048
0.0 0.041
0.0 0.035
0.0 0.029
1.0 0.344
0.0 0.033
1.0 0.058
0.0 0.033
0.0 0.029
0.0 0.043
0.0 0.059
0.0 0.027
0.0 0.042
0.0 0.035
0.0 0.029
0.0 0.210
0.0 0.033
0.0 0.058
0.0 0.030
0.0 0.033
0.0 0.054
0.0 0.029
0.0 0.033
0.0 0.031
0.0 0.034
0.0 0.034
0.0 0.179
0.0 0.057
0.0 0.029
0.0 0.036
0.0 0.036
0.0 0.029
0.0 0.029
0.0 0.055
1.0 0.290
0.0 0.108
0.0 0.032
1.0 0.146
1.0 0.480
1.0 0.287
0.0 0.028
0.0 0.325
0.0 0.028
0.0 0.062
0.0 0.230
0.0 0.058
0.0 0.221
0.0 0.035
0.0 0.305
0.0 0.078
0.0 0.034
0.0 0.030
1.0 0.119
1.0 0.037
0.0 0.094
0.0 0.053
1.0 0.354
0.0 0.383
0.0 0.029
0.0 0.030
0.0 0.245
1.0 0.093
0.0 0.030
0.0 0.336
0.0 0.033
0.0 0.028
0.0 0.218
1.0 0.043
0.0 0.034
0.0 0.037
0.0 0.032
0.0 0.028
0.0 0.338
0.0 0.299
1.0 0.040
0.0 0.035
0.0 0.168
0.0 0.226
0.0 0.069
1.0 0.048
0.0 0.032
0.0 0.035
0.0 0.214
0.0 0.068
0.0 0.038
0.0 0.053
0.0 0.035
1.0 0.509
0.0 0.073
0.0 0.034
0.0 0.034
0.0 0.030
0.0 0.194
0.0 0.029
0.0 0.027
0.0 0.050
0.0 0.035
0.0 0.031
0.0 0.035
0.0 0.030
0.0 0.039
0.0 0.039
0.0 0.028
0.0 0.029
0.0 0.033
0.0 0.033
0.0 0.261
0.0 0.055
1.0 0.173
0.0 0.387
0.0 0.028
0.0 0.030
0.0 0.029
0.0 0.340
1.0 0.083
0.0 0.036
0.0 0.033
0.0 0.031
0.0 0.038
1.0 0.556
0.0 0.037
0.0 0.036
0.0 0.034
0.0 0.030
0.0 0.084
0.0 0.030
1.0 0.257
0.0 0.058
0.0 0.042
0.0 0.030
0.0 0.305
1.0 0.206
0.0 0.039
0.0 0.028
0.0 0.081
0.0 0.033
0.0 0.045
0.0 0.048
0.0 0.057
1.0 0.213
0.0 0.028
1.0 0.083
0.0 0.035
0.0 0.086
0.0 0.032
0.0 0.037
0.0 0.028
0.0 0.039
0.0 0.050
1.0 0.190
0.0 0.030
0.0 0.034
0.0 0.045
1.0 0.318
0.0 0.038
0.0 0.034
1.0 0.668
0.0 0.043
1.0 0.355
0.0 0.032
0.0 0.030
1.0 0.580
0.0 0.117
0.0 0.033
0.0 0.030
0.0 0.029
0.0 0.029
0.0 0.034
0.0 0.029
0.0 0.028
0.0 0.036
0.0 0.031
0.0 0.051
0.0 0.055
0.0 0.028
0.0 0.043
0.0 0.027
0.0 0.028
0.0 0.038
0.0 0.033
1.0 0.059
0.0 0.034
0.0 0.121
0.0 0.034
0.0 0.031
0.0 0.073
0.0 0.032
1.0 0.344
0.0 0.118
0.0 0.030
0.0 0.044
0.0 0.349
0.0 0.035
0.0 0.027
1.0 0.080
0.0 0.033
1.0 0.363
0.0 0.105
0.0 0.044
0.0 0.032
0.0 0.034
0.0 0.193
0.0 0.033
0.0 0.145
0.0 0.034
0.0 0.029
0.0 0.034
0.0 0.035
0.0 0.039
0.0 0.296
0.0 0.356
0.0 0.158
0.0 0.038
0.0 0.031
0.0 0.034
0.0 0.030
0.0 0.029
1.0 0.486
0.0 0.047
0.0 0.031
0.0 0.030
0.0 0.034
0.0 0.036
0.0 0.247
0.0 0.035
0.0 0.166
1.0 0.305
0.0 0.032
0.0 0.031
0.0 0.082
0.0 0.031
0.0 0.031
0.0 0.132
0.0 0.033
0.0 0.084
0.0 0.027
0.0 0.056
0.0 0.178
0.0 0.489
0.0 0.034
0.0 0.053
0.0 0.036
0.0 0.028
0.0 0.116
0.0 0.188
0.0 0.037
0.0 0.037
0.0 0.175
0.0 0.035
0.0 0.033
0.0 0.322
0.0 0.029
0.0 0.028
0.0 0.276
0.0 0.027
0.0 0.038
0.0 0.027
1.0 0.292
0.0 0.029
0.0 0.335
0.0 0.031
1.0 0.303
0.0 0.073
0.0 0.030
0.0 0.041
0.0 0.033
0.0 0.039
0.0 0.029
0.0 0.033
0.0 0.039
0.0 0.031
0.0 0.029
1.0 0.062
0.0 0.031
0.0 0.036
0.0 0.204
0.0 0.044
0.0 0.034
0.0 0.042
0.0 0.032
0.0 0.319
0.0 0.313
0.0 0.039
0.0 0.359
0.0 0.296
0.0 0.277
1.0 0.029
0.0 0.047
0.0 0.029
0.0 0.028
0.0 0.029
0.0 0.043
1.0 0.367
0.0 0.034
0.0 0.043
0.0 0.027
0.0 0.030
0.0 0.231
0.0 0.056
0.0 0.038
1.0 0.193
0.0 0.041
0.0 0.031
1.0 0.430
0.0 0.052
0.0 0.029
1.0 0.389
0.0 0.037
1.0 0.211
0.0 0.038
0.0 0.033
0.0 0.033
0.0 0.031
0.0 0.045
0.0 0.145
0.0 0.115
0.0 0.028
0.0 0.032
0.0 0.029
0.0 0.038
0.0 0.054
1.0 0.110
0.0 0.041
1.0 0.385
0.0 0.035
0.0 0.063
0.0 0.034
0.0 0.398
0.0 0.065
0.0 0.037
1.0 0.142
0.0 0.035
0.0 0.029
0.0 0.038
0.0 0.032
0.0 0.045
0.0 0.045
0.0 0.034
1.0 0.509
0.0 0.073
0.0 0.132
0.0 0.035
0.0 0.042
0.0 0.049
0.0 0.039
0.0 0.034
0.0 0.046
0.0 0.116
1.0 0.448
1.0 0.255
0.0 0.033
0.0 0.038
0.0 0.031
0.0 0.048
0.0 0.032
0.0 0.030
0.0 0.037
0.0 0.276
0.0 0.032
1.0 0.242
1.0 0.317
0.0 0.031
0.0 0.037
0.0 0.031
0.0 0.034
0.0 0.093
1.0 0.650
0.0 0.038
0.0 0.032
0.0 0.038
0.0 0.032
0.0 0.031
0.0 0.338
0.0 0.062
1.0 0.249
0.0 0.032
1.0 0.310
0.0 0.046
0.0 0.042
0.0 0.030
0.0 0.027
0.0 0.027
0.0 0.029
0.0 0.031
0.0 0.031
1.0 0.543
0.0 0.032
0.0 0.303
0.0 0.052
0.0 0.041
0.0 0.032
0.0 0.031
0.0 0.028
0.0 0.029
0.0 0.031
0.0 0.030
0.0 0.034
0.0 0.031
0.0 0.033
0.0 0.079
0.0 0.340
0.0 0.035
0.0 0.034
0.0 0.027
0.0 0.288
1.0 0.366
0.0 0.031
0.0 0.047
0.0 0.031
0.0 0.034
0.0 0.036
1.0 0.228
1.0 0.137
0.0 0.069
0.0 0.049
0.0 0.028
0.0 0.028
0.0 0.033
0.0 0.031
1.0 0.336
0.0 0.032
0.0 0.047
0.0 0.121
0.0 0.046
0.0 0.060
1.0 0.075
0.0 0.141
0.0 0.030
0.0 0.035
0.0 0.038
0.0 0.042
0.0 0.030
0.0 0.033
0.0 0.076
0.0 0.063
0.0 0.029
0.0 0.031
0.0 0.039
0.0 0.037
1.0 0.290
0.0 0.028
0.0 0.380
0.0 0.036
0.0 0.030
0.0 0.043
0.0 0.032
0.0 0.036
0.0 0.402
1.0 0.336
0.0 0.088
0.0 0.097
0.0 0.038
0.0 0.044
0.0 0.038
0.0 0.029
0.0 0.423
0.0 0.027
0.0 0.066
0.0 0.030
1.0 0.406
0.0 0.036
0.0 0.292
0.0 0.030
0.0 0.032
0.0 0.028
0.0 0.031
1.0 0.300
0.0 0.027
0.0 0.027
0.0 0.029
0.0 0.044
0.0 0.030
0.0 0.034
0.0 0.035
0.0 0.262
0.0 0.038
1.0 0.115
0.0 0.251
0.0 0.031
0.0 0.037
0.0 0.034
0.0 0.336
1.0 0.294
0.0 0.366
0.0 0.029
0.0 0.152
0.0 0.029
0.0 0.028
0.0 0.030
1.0 0.327
0.0 0.030
0.0 0.104
0.0 0.031
0.0 0.033
0.0 0.028
0.0 0.365
0.0 0.031
0.0 0.031
0.0 0.035
0.0 0.057
0.0 0.048
1.0 0.035
0.0 0.032
0.0 0.064
0.0 0.048
0.0 0.046
0.0 0.174
0.0 0.055
1.0 0.400
0.0 0.192
0.0 0.048
0.0 0.032
0.0 0.029
1.0 0.325
0.0 0.035
0.0 0.045
0.0 0.031
0.0 0.031
0.0 0.150
1.0 0.268
0.0 0.315
0.0 0.028
0.0 0.237
0.0 0.028
0.0 0.065
0.0 0.032
0.0 0.043
0.0 0.184
0.0 0.033
0.0 0.033
0.0 0.036
0.0 0.029
0.0 0.030
0.0 0.076
0.0 0.188
0.0 0.036
0.0 0.045
0.0 0.028
0.0 0.036
0.0 0.037
0.0 0.044
0.0 0.038
0.0 0.035
0.0 0.330
0.0 0.061
0.0 0.051
1.0 0.101
0.0 0.028
0.0 0.045
0.0 0.030
0.0 0.327
0.0 0.034
0.0 0.038
0.0 0.051
0.0 0.236
0.0 0.048
0.0 0.040
0.0 0.034
0.0 0.068
0.0 0.087
1.0 0.060
0.0 0.265
1.0 0.132
0.0 0.028
0.0 0.029
0.0 0.036
0.0 0.041
0.0 0.030
0.0 0.044
0.0 0.242
0.0 0.032
0.0 0.048
0.0 0.033
0.0 0.362
1.0 0.218
0.0 0.065
0.0 0.029
0.0 0.036
0.0 0.032
1.0 0.463
1.0 0.442
0.0 0.038
0.0 0.034
0.0 0.038
0.0 0.036
0.0 0.070
0.0 0.028
0.0 0.034
0.0 0.063
0.0 0.037
0.0 0.028
0.0 0.038
0.0 0.034
0.0 0.043
1.0 0.383
0.0 0.032
0.0 0.032
0.0 0.027
0.0 0.029
0.0 0.075
1.0 0.309
0.0 0.033
0.0 0.044
0.0 0.221
0.0 0.028
0.0 0.030
0.0 0.033
0.0 0.029
0.0 0.033
1.0 0.321
0.0 0.030
0.0 0.032
0.0 0.033
0.0 0.114
0.0 0.033
0.0 0.028
0.0 0.034
0.0 0.053
0.0 0.030
0.0 0.062
0.0 0.041
0.0 0.029
0.0 0.211
0.0 0.035
0.0 0.065
1.0 0.106
0.0 0.033
1.0 0.546
0.0 0.032
0.0 0.029
1.0 0.532
1.0 0.160
0.0 0.126
0.0 0.038
0.0 0.036
0.0 0.037
1.0 0.047
0.0 0.030
0.0 0.039
0.0 0.185
0.0 0.042
1.0 0.315
0.0 0.038
1.0 0.427
0.0 0.029
0.0 0.030
0.0 0.040
0.0 0.032
1.0 0.188
0.0 0.104
0.0 0.034
0.0 0.311
0.0 0.034
0.0 0.035
0.0 0.035
0.0 0.319
0.0 0.031
1.0 0.315
0.0 0.044
0.0 0.027
1.0 0.556
0.0 0.113
0.0 0.033
1.0 0.209
0.0 0.141
0.0 0.033
0.0 0.037
0.0 0.068
0.0 0.053
0.0 0.294
1.0 0.357
0.0 0.041
0.0 0.029
0.0 0.035
0.0 0.032
0.0 0.039
0.0 0.035
0.0 0.035
0.0 0.028
0.0 0.040
0.0 0.482
0.0 0.028
0.0 0.067
0.0 0.031
1.0 0.078
0.0 0.029
0.0 0.076
0.0 0.033
0.0 0.029
0.0 0.037
0.0 0.169
0.0 0.033
0.0 0.030
0.0 0.092
0.0 0.030
0.0 0.036
1.0 0.034
0.0 0.053
0.0 0.029
0.0 0.040
0.0 0.032
0.0 0.044
1.0 0.187
1.0 0.047
0.0 0.040
0.0 0.030
0.0 0.029
0.0 0.037
0.0 0.075
1.0 0.117
0.0 0.031
0.0 0.032
0.0 0.073
1.0 0.259
0.0 0.037
0.0 0.044
0.0 0.028
0.0 0.392
0.0 0.039
0.0 0.028
1.0 0.064
0.0 0.031
0.0 0.040
1.0 0.040
0.0 0.322
0.0 0.034
0.0 0.103
0.0 0.028
0.0 0.032
0.0 0.051
0.0 0.031
0.0 0.031
0.0 0.028
0.0 0.315
0.0 0.107
0.0 0.033
0.0 0.038
0.0 0.039
1.0 0.082
0.0 0.030
0.0 0.029
0.0 0.474
0.0 0.047
0.0 0.032
0.0 0.049
0.0 0.069
0.0 0.030
1.0 0.444
0.0 0.038
0.0 0.070
0.0 0.036
0.0 0.043
0.0 0.038
0.0 0.058
0.0 0.034
0.0 0.034
0.0 0.048
0.0 0.044
0.0 0.029
0.0 0.035
0.0 0.037
0.0 0.034
0.0 0.041
0.0 0.040
0.0 0.048
0.0 0.034
0.0 0.055
0.0 0.042
1.0 0.656
0.0 0.037
0.0 0.031
0.0 0.056
0.0 0.039
0.0 0.031
0.0 0.033
0.0 0.176
1.0 0.074
0.0 0.046
0.0 0.030
0.0 0.119
0.0 0.202
0.0 0.093
1.0 0.493
0.0 0.035
0.0 0.032
0.0 0.033
0.0 0.033
0.0 0.030
0.0 0.069
1.0 0.295
0.0 0.299
0.0 0.349
0.0 0.033
0.0 0.047
1.0 0.187
0.0 0.322
0.0 0.142
0.0 0.033
0.0 0.040
0.0 0.036
1.0 0.140
0.0 0.148
1.0 0.042
0.0 0.033
0.0 0.040
0.0 0.035
0.0 0.029
1.0 0.264
0.0 0.109
0.0 0.028
0.0 0.034
0.0 0.049
0.0 0.040
0.0 0.028
0.0 0.030
0.0 0.036
0.0 0.034
0.0 0.033
1.0 0.397
1.0 0.398
1.0 0.222
0.0 0.029
0.0 0.030
0.0 0.027
0.0 0.031
0.0 0.036
0.0 0.088
0.0 0.044
0.0 0.029
0.0 0.044
1.0 0.592
0.0 0.033
0.0 0.036
0.0 0.339
0.0 0.032
0.0 0.048
0.0 0.209
0.0 0.039
0.0 0.047
0.0 0.046
0.0 0.049
0.0 0.037
1.0 0.104
0.0 0.030
0.0 0.053
0.0 0.276
0.0 0.029
1.0 0.389
0.0 0.189
1.0 0.261
0.0 0.029
0.0 0.032
0.0 0.122
0.0 0.031
0.0 0.035
0.0 0.030
0.0 0.030
1.0 0.294
0.0 0.057
0.0 0.052
0.0 0.044
0.0 0.026
0.0 0.313
0.0 0.027
0.0 0.037
1.0 0.304
0.0 0.283
0.0 0.030
0.0 0.028
0.0 0.032
0.0 0.033
0.0 0.043
0.0 0.033
1.0 0.586
0.0 0.027
0.0 0.035
0.0 0.158
0.0 0.033
0.0 0.103
0.0 0.049
0.0 0.042
1.0 0.146
0.0 0.271
0.0 0.031
0.0 0.322
1.0 0.703
0.0 0.039
0.0 0.037
0.0 0.042
0.0 0.061
0.0 0.033
0.0 0.028
0.0 0.036
0.0 0.032
0.0 0.030
0.0 0.085
1.0 0.299
0.0 0.032
0.0 0.036
0.0 0.051
0.0 0.029
0.0 0.079
0.0 0.035
1.0 0.264
0.0 0.030
0.0 0.106
1.0 0.128
0.0 0.082
0.0 0.033
0.0 0.031
0.0 0.037
1.0 0.504
0.0 0.076
0.0 0.101
0.0 0.263
0.0 0.046
0.0 0.099
0.0 0.037
0.0 0.132
0.0 0.054
0.0 0.034
0.0 0.245
1.0 0.184
0.0 0.040
0.0 0.302
0.0 0.044
0.0 0.039
0.0 0.035
0.0 0.116
0.0 0.031
0.0 0.039
0.0 0.032
0.0 0.099
0.0 0.039
0.0 0.028
1.0 0.078
0.0 0.036
0.0 0.026
0.0 0.047
0.0 0.370
0.0 0.055
0.0 0.030
0.0 0.038
0.0 0.034
0.0 0.031
0.0 0.128
0.0 0.038
0.0 0.028
0.0 0.030
0.0 0.060
1.0 0.626
0.0 0.031
0.0 0.034
0.0 0.033
0.0 0.062
0.0 0.039
0.0 0.273
0.0 0.031
0.0 0.051
0.0 0.031
0.0 0.196
0.0 0.036
0.0 0.041
0.0 0.030
1.0 0.127
0.0 0.317
0.0 0.030
0.0 0.031
1.0 0.262
0.0 0.031
0.0 0.034
0.0 0.035
0.0 0.029
0.0 0.034
0.0 0.039
0.0 0.052
0.0 0.038
1.0 0.266
0.0 0.057
0.0 0.035
0.0 0.039
0.0 0.057
0.0 0.223
1.0 0.052
0.0 0.031
0.0 0.031
0.0 0.038
0.0 0.033
0.0 0.029
0.0 0.147
0.0 0.032
0.0 0.047
0.0 0.036
0.0 0.281
0.0 0.332
0.0 0.180
0.0 0.030
0.0 0.030
0.0 0.053
0.0 0.035
0.0 0.033
0.0 0.029
0.0 0.028
0.0 0.057
0.0 0.027
0.0 0.033
0.0 0.321
0.0 0.058
0.0 0.031
0.0 0.054
0.0 0.066
1.0 0.078
0.0 0.039
0.0 0.040
0.0 0.042
0.0 0.044
0.0 0.036
0.0 0.032
0.0 0.321
0.0 0.034
0.0 0.030
0.0 0.033
0.0 0.040
0.0 0.315
0.0 0.027
0.0 0.035
0.0 0.042
0.0 0.058
0.0 0.236
0.0 0.034
0.0 0.031
0.0 0.042
1.0 0.288
0.0 0.178
0.0 0.029
1.0 0.584
0.0 0.035
0.0 0.027
1.0 0.213
0.0 0.034
0.0 0.229
1.0 0.117
0.0 0.035
1.0 0.131
1.0 0.271
0.0 0.030
0.0 0.301
0.0 0.032
0.0 0.028
0.0 0.029
1.0 0.181
0.0 0.028
0.0 0.044
0.0 0.029
0.0 0.049
0.0 0.041
1.0 0.305
0.0 0.082
0.0 0.031
0.0 0.038
0.0 0.053
0.0 0.049
0.0 0.350
0.0 0.424
0.0 0.283
0.0 0.031
1.0 0.388
1.0 0.241
0.0 0.035
0.0 0.037
0.0 0.041
0.0 0.029
0.0 0.040
0.0 0.037
0.0 0.040
0.0 0.041
0.0 0.032
0.0 0.052
0.0 0.043
0.0 0.092
0.0 0.034
0.0 0.032
0.0 0.037
0.0 0.031
0.0 0.083
0.0 0.058
1.0 0.226
0.0 0.039
0.0 0.026
0.0 0.126
0.0 0.199
1.0 0.343
0.0 0.392
0.0 0.028
1.0 0.354
0.0 0.028
0.0 0.031
0.0 0.034
0.0 0.030
0.0 0.064
0.0 0.036
0.0 0.030
0.0 0.046
0.0 0.032
0.0 0.037
0.0 0.326
1.0 0.183
0.0 0.028
0.0 0.030
0.0 0.027
0.0 0.035
1.0 0.319
0.0 0.034
0.0 0.032
0.0 0.031
0.0 0.100
0.0 0.037
0.0 0.297
0.0 0.037
0.0 0.035
0.0 0.030
0.0 0.029
0.0 0.053
0.0 0.035
0.0 0.358
0.0 0.063
0.0 0.263
1.0 0.049
1.0 0.223
0.0 0.062
0.0 0.058
0.0 0.037
0.0 0.032
0.0 0.093
0.0 0.030
0.0 0.077
0.0 0.311
0.0 0.081
0.0 0.036
0.0 0.049
0.0 0.030
0.0 0.030
0.0 0.028
0.0 0.052
0.0 0.035
1.0 0.061
0.0 0.032
0.0 0.028
0.0 0.026
0.0 0.029
0.0 0.054
0.0 0.141
0.0 0.070
0.0 0.027
1.0 0.267
0.0 0.038
0.0 0.039
0.0 0.037
0.0 0.027
1.0 0.158
0.0 0.084
0.0 0.104
0.0 0.033
0.0 0.033
0.0 0.035
0.0 0.035
0.0 0.282
0.0 0.041
0.0 0.241
0.0 0.034
0.0 0.037
0.0 0.032
0.0 0.028
0.0 0.044
0.0 0.284
0.0 0.042
0.0 0.102
0.0 0.034
0.0 0.029
0.0 0.130
0.0 0.062
0.0 0.045
0.0 0.032
0.0 0.032
0.0 0.028
0.0 0.029
1.0 0.292
0.0 0.030
0.0 0.030
0.0 0.052
0.0 0.034
0.0 0.032
0.0 0.032
1.0 0.094
0.0 0.028
1.0 0.404
0.0 0.031
0.0 0.054
0.0 0.030
0.0 0.052
0.0 0.036
0.0 0.078
0.0 0.044
1.0 0.231
0.0 0.030
0.0 0.053
1.0 0.080
0.0 0.033
0.0 0.038
0.0 0.077
0.0 0.054
0.0 0.038
1.0 0.250
0.0 0.036
0.0 0.031
0.0 0.033
0.0 0.041
0.0 0.035
0.0 0.043
0.0 0.028
0.0 0.039
0.0 0.033
0.0 0.031
0.0 0.066
0.0 0.039
0.0 0.027
0.0 0.496
0.0 0.031
0.0 0.075
0.0 0.036
0.0 0.030
0.0 0.030
0.0 0.482
1.0 0.053
0.0 0.029
0.0 0.028
0.0 0.029
0.0 0.041
1.0 0.182
0.0 0.036
0.0 0.036
0.0 0.032
0.0 0.028
0.0 0.047
0.0 0.053
0.0 0.034
1.0 0.665
0.0 0.031
1.0 0.159
0.0 0.028
0.0 0.028
0.0 0.046
0.0 0.086
0.0 0.035
0.0 0.029
0.0 0.054
0.0 0.033
1.0 0.043
0.0 0.043
0.0 0.038
0.0 0.027
0.0 0.032
0.0 0.041
0.0 0.039
0.0 0.133
0.0 0.032
0.0 0.030
0.0 0.027
0.0 0.057
0.0 0.028
0.0 0.037
0.0 0.068
0.0 0.061
0.0 0.027
0.0 0.144
0.0 0.032
0.0 0.033
0.0 0.039
0.0 0.250
0.0 0.029
0.0 0.292
0.0 0.037
0.0 0.208
0.0 0.364
0.0 0.034
0.0 0.034
1.0 0.362
0.0 0.039
0.0 0.084
0.0 0.042
0.0 0.182
0.0 0.033
0.0 0.034
0.0 0.032
0.0 0.046
0.0 0.036
0.0 0.033
0.0 0.030
0.0 0.057
0.0 0.058
0.0 0.029
0.0 0.028
0.0 0.050
1.0 0.330
0.0 0.036
0.0 0.043
0.0 0.060
0.0 0.050
0.0 0.040
0.0 0.040
0.0 0.037
0.0 0.031
0.0 0.174
0.0 0.027
0.0 0.043
0.0 0.049
0.0 0.037
0.0 0.034
0.0 0.033
0.0 0.055
0.0 0.032
0.0 0.027
0.0 0.032
0.0 0.031
0.0 0.036
1.0 0.050
0.0 0.028
0.0 0.030
0.0 0.261
1.0 0.044
0.0 0.092
1.0 0.274
0.0 0.031
0.0 0.039
1.0 0.652
0.0 0.031
0.0 0.078
1.0 0.175
0.0 0.028
0.0 0.034
0.0 0.042
0.0 0.049
0.0 0.038
0.0 0.045
0.0 0.046
1.0 0.076
1.0 0.307
1.0 0.279
1.0 0.079
0.0 0.064
0.0 0.034
0.0 0.033
0.0 0.168
0.0 0.037
0.0 0.034
0.0 0.037
0.0 0.038
0.0 0.035
0.0 0.067
0.0 0.046
0.0 0.038
0.0 0.116
0.0 0.337
0.0 0.326
0.0 0.031
0.0 0.029
0.0 0.033
0.0 0.044
0.0 0.047
0.0 0.051
0.0 0.188
0.0 0.034
0.0 0.029
0.0 0.060
0.0 0.038
0.0 0.039
0.0 0.034
0.0 0.029
0.0 0.035
0.0 0.060
0.0 0.036
1.0 0.251
1.0 0.112
0.0 0.036
0.0 0.423
0.0 0.070
0.0 0.055
0.0 0.340
0.0 0.033
0.0 0.048
0.0 0.036
0.0 0.031
0.0 0.029
0.0 0.085
0.0 0.055
0.0 0.031
0.0 0.046
0.0 0.187
0.0 0.325
0.0 0.030
0.0 0.048
0.0 0.029
1.0 0.111
0.0 0.037
0.0 0.033
1.0 0.355
0.0 0.033
0.0 0.036
0.0 0.033
0.0 0.029
0.0 0.105
1.0 0.124
0.0 0.035
0.0 0.119
0.0 0.074
0.0 0.150
0.0 0.033
0.0 0.037
0.0 0.029
1.0 0.124
0.0 0.297
0.0 0.049
0.0 0.042
0.0 0.029
0.0 0.032
0.0 0.026
0.0 0.033
0.0 0.035
0.0 0.029
0.0 0.032
0.0 0.030
0.0 0.049
0.0 0.054
1.0 0.110
0.0 0.029
0.0 0.029
0.0 0.068
0.0 0.033
0.0 0.044
0.0 0.044
0.0 0.048
0.0 0.028
0.0 0.294
0.0 0.037
0.0 0.039
0.0 0.052
0.0 0.268
0.0 0.030
1.0 0.398
0.0 0.028
0.0 0.030
0.0 0.080
0.0 0.052
0.0 0.030
0.0 0.044
0.0 0.115
0.0 0.055
1.0 0.399
0.0 0.045
1.0 0.339
0.0 0.036
0.0 0.050
1.0 0.498
1.0 0.227
0.0 0.033
0.0 0.040
0.0 0.028
0.0 0.030
0.0 0.030
0.0 0.046
0.0 0.033
0.0 0.031
0.0 0.080
1.0 0.074
0.0 0.031
0.0 0.049
0.0 0.032
0.0 0.032
0.0 0.031
0.0 0.034
0.0 0.328
0.0 0.034
0.0 0.031
0.0 0.038
0.0 0.028
0.0 0.041
0.0 0.055
0.0 0.026
0.0 0.037
0.0 0.033
0.0 0.147
0.0 0.050
0.0 0.043
1.0 0.296
0.0 0.055
0.0 0.040
0.0 0.041
0.0 0.068
0.0 0.032
0.0 0.041
0.0 0.027
0.0 0.030
0.0 0.040
0.0 0.213
0.0 0.124
0.0 0.035
0.0 0.034
0.0 0.029
0.0 0.030
0.0 0.035
0.0 0.031
1.0 0.603
0.0 0.030
0.0 0.048
0.0 0.032
1.0 0.360
0.0 0.047
0.0 0.031
0.0 0.030
0.0 0.034
0.0 0.029
0.0 0.032
0.0 0.031
0.0 0.033
0.0 0.036
0.0 0.031
0.0 0.090
0.0 0.029
0.0 0.044
0.0 0.033
0.0 0.056
0.0 0.153
0.0 0.048
0.0 0.028
0.0 0.039
0.0 0.193
0.0 0.027
0.0 0.037
0.0 0.340
0.0 0.340
0.0 0.028
0.0 0.031
0.0 0.048
0.0 0.063
0.0 0.031
0.0 0.220
0.0 0.037
0.0 0.029
0.0 0.176
0.0 0.029
1.0 0.307
0.0 0.028
0.0 0.042
0.0 0.038
0.0 0.029
0.0 0.041
0.0 0.033
0.0 0.079
0.0 0.027
0.0 0.030
0.0 0.031
0.0 0.033
1.0 0.257
0.0 0.033
0.0 0.034
0.0 0.037
0.0 0.040
1.0 0.061
0.0 0.043
0.0 0.039
0.0 0.075
0.0 0.056
0.0 0.038
0.0 0.035
0.0 0.040
1.0 0.179
0.0 0.033
0.0 0.029
0.0 0.028
0.0 0.035
0.0 0.037
0.0 0.064
0.0 0.223
0.0 0.042
1.0 0.268
0.0 0.033
0.0 0.027
0.0 0.030
0.0 0.032
0.0 0.050
0.0 0.029
0.0 0.040
0.0 0.036
0.0 0.040
0.0 0.285
0.0 0.049
0.0 0.030
0.0 0.038
0.0 0.029
0.0 0.029
0.0 0.090
0.0 0.088
0.0 0.031
0.0 0.223
0.0 0.029
0.0 0.285
0.0 0.027
0.0 0.032
0.0 0.039
0.0 0.045
0.0 0.312
0.0 0.028
0.0 0.060
0.0 0.034
1.0 0.073
1.0 0.305
0.0 0.033
0.0 0.033
1.0 0.084
1.0 0.710
0.0 0.030
0.0 0.032
0.0 0.040
0.0 0.083
1.0 0.071
0.0 0.031
0.0 0.033
0.0 0.044
0.0 0.033
0.0 0.050
0.0 0.243
0.0 0.031
0.0 0.275
1.0 0.280
1.0 0.068
0.0 0.047
0.0 0.288
0.0 0.034
0.0 0.035
0.0 0.027
0.0 0.034
0.0 0.029
0.0 0.051
0.0 0.030
0.0 0.030
0.0 0.027
0.0 0.031
0.0 0.181
1.0 0.077
1.0 0.231
0.0 0.031
0.0 0.033
1.0 0.301
0.0 0.031
0.0 0.031
0.0 0.032
0.0 0.046
0.0 0.030
0.0 0.034
0.0 0.065
1.0 0.210
0.0 0.035
0.0 0.160
0.0 0.030
0.0 0.029
0.0 0.035
0.0 0.038
0.0 0.032
1.0 0.390
0.0 0.175
0.0 0.030
0.0 0.033
0.0 0.043
0.0 0.032
0.0 0.071
0.0 0.029
0.0 0.030
0.0 0.033
0.0 0.036
0.0 0.029
0.0 0.038
0.0 0.037
1.0 0.078
0.0 0.285
0.0 0.084
0.0 0.030
0.0 0.058
0.0 0.033
0.0 0.038
0.0 0.039
0.0 0.042
0.0 0.572
0.0 0.308
0.0 0.033
0.0 0.102
1.0 0.115
0.0 0.340
0.0 0.033
0.0 0.043
0.0 0.034
0.0 0.044
0.0 0.046
0.0 0.030
0.0 0.031
0.0 0.033
0.0 0.053
0.0 0.546
0.0 0.029
0.0 0.028
0.0 0.040
0.0 0.041
0.0 0.027
1.0 0.029
0.0 0.037
0.0 0.032
0.0 0.030
0.0 0.361
0.0 0.028
0.0 0.032
0.0 0.041
1.0 0.040
0.0 0.046
0.0 0.284
0.0 0.039
0.0 0.069
0.0 0.030
0.0 0.037
0.0 0.043
0.0 0.032
1.0 0.621
0.0 0.192
0.0 0.035
0.0 0.028
0.0 0.035
0.0 0.050
0.0 0.034
1.0 0.299
0.0 0.030
0.0 0.276
0.0 0.036
0.0 0.044
1.0 0.175
1.0 0.302
0.0 0.029
0.0 0.080
0.0 0.029
0.0 0.029
0.0 0.045
0.0 0.041
0.0 0.030
0.0 0.030
0.0 0.029
0.0 0.034
1.0 0.268
0.0 0.051
1.0 0.398
0.0 0.047
0.0 0.032
0.0 0.055
0.0 0.041
0.0 0.037
1.0 0.248
0.0 0.035
0.0 0.036
0.0 0.034
0.0 0.029
0.0 0.041
0.0 0.510
0.0 0.032
0.0 0.030
0.0 0.294
0.0 0.340
0.0 0.035
0.0 0.052
0.0 0.034
0.0 0.051
0.0 0.042
0.0 0.031
0.0 0.033
1.0 0.058
1.0 0.576
0.0 0.030
0.0 0.042
0.0 0.033
0.0 0.030
0.0 0.031
1.0 0.285
0.0 0.110
0.0 0.033
0.0 0.058
0.0 0.031
1.0 0.136
0.0 0.035
0.0 0.038
0.0 0.028
0.0 0.031
0.0 0.347
0.0 0.089
0.0 0.034
0.0 0.358
0.0 0.309
0.0 0.030
0.0 0.068
0.0 0.333
0.0 0.031
0.0 0.031
0.0 0.031
0.0 0.039
0.0 0.030
0.0 0.036
0.0 0.037
0.0 0.034
0.0 0.212
0.0 0.028
0.0 0.033
0.0 0.028
0.0 0.046
0.0 0.048
0.0 0.030
0.0 0.031
0.0 0.053
0.0 0.029
0.0 0.032
0.0 0.069
0.0 0.041
0.0 0.029
0.0 0.043
0.0 0.459
1.0 0.055
0.0 0.029
1.0 0.117
1.0 0.314
0.0 0.038
0.0 0.038
0.0 0.039
0.0 0.039
1.0 0.272
0.0 0.049
0.0 0.090
0.0 0.044
0.0 0.055
0.0 0.055
0.0 0.049
0.0 0.034
0.0 0.083
1.0 0.495
0.0 0.029
0.0 0.032
0.0 0.038
0.0 0.035
1.0 0.042
1.0 0.709
0.0 0.038
0.0 0.067
0.0 0.054
0.0 0.355
0.0 0.034
0.0 0.037
0.0 0.045
0.0 0.038
0.0 0.035
1.0 0.508
0.0 0.034
0.0 0.042
0.0 0.030
0.0 0.042
1.0 0.075
0.0 0.040
0.0 0.036
0.0 0.028
0.0 0.029
0.0 0.223
0.0 0.045
0.0 0.072
0.0 0.040
0.0 0.035
0.0 0.030
0.0 0.030
1.0 0.576
0.0 0.031
1.0 0.644
0.0 0.345
1.0 0.763
0.0 0.052
0.0 0.031
0.0 0.040
0.0 0.033
0.0 0.035
0.0 0.057
0.0 0.258
0.0 0.030
0.0 0.038
0.0 0.303
0.0 0.031
0.0 0.037
0.0 0.030
0.0 0.039
0.0 0.058
0.0 0.053
0.0 0.037
0.0 0.034
0.0 0.032
0.0 0.052
0.0 0.042
0.0 0.042
0.0 0.037
0.0 0.032
0.0 0.058
1.0 0.197
0.0 0.028
0.0 0.034
0.0 0.028
0.0 0.037
0.0 0.034
0.0 0.030
0.0 0.034
0.0 0.031
0.0 0.038
1.0 0.273
0.0 0.030
1.0 0.104
0.0 0.043
0.0 0.034
0.0 0.045
0.0 0.030
0.0 0.208
0.0 0.035
0.0 0.049
0.0 0.161
1.0 0.032
0.0 0.065
0.0 0.036
0.0 0.030
0.0 0.296
0.0 0.059
0.0 0.261
0.0 0.113
0.0 0.058
0.0 0.042
0.0 0.031
0.0 0.031
0.0 0.029
0.0 0.037
0.0 0.031
0.0 0.034
0.0 0.064
0.0 0.335
0.0 0.265
0.0 0.035
0.0 0.033
0.0 0.338
0.0 0.381
0.0 0.033
0.0 0.028
0.0 0.035
0.0 0.054
0.0 0.035
0.0 0.035
0.0 0.028
1.0 0.278
0.0 0.033
1.0 0.081
0.0 0.434
0.0 0.028
0.0 0.053
0.0 0.099
0.0 0.158
0.0 0.031
0.0 0.032
0.0 0.038
0.0 0.190
0.0 0.278
0.0 0.214
0.0 0.038
0.0 0.031
0.0 0.044
0.0 0.028
0.0 0.029
0.0 0.033
0.0 0.028
0.0 0.086
0.0 0.181
0.0 0.029
0.0 0.046
0.0 0.032
0.0 0.032
0.0 0.034
1.0 0.095
0.0 0.032
0.0 0.027
0.0 0.040
0.0 0.030
0.0 0.040
0.0 0.033
0.0 0.286
0.0 0.044
0.0 0.051
0.0 0.043
0.0 0.059
0.0 0.087
0.0 0.034
0.0 0.028
0.0 0.042
1.0 0.052
0.0 0.031
0.0 0.045
0.0 0.208
0.0 0.042
0.0 0.035
0.0 0.062
0.0 0.031
0.0 0.034
0.0 0.032
0.0 0.032
1.0 0.291
0.0 0.046
0.0 0.237
0.0 0.032
0.0 0.030
0.0 0.274
1.0 0.093
1.0 0.294
0.0 0.041
0.0 0.038
0.0 0.031
0.0 0.031
0.0 0.656
0.0 0.039
0.0 0.045
0.0 0.029
0.0 0.034
0.0 0.042
1.0 0.237
0.0 0.031
0.0 0.036
0.0 0.042
0.0 0.407
0.0 0.031
0.0 0.035
0.0 0.037
0.0 0.033
0.0 0.033
0.0 0.032
0.0 0.031
0.0 0.032
0.0 0.102
0.0 0.064
0.0 0.207
0.0 0.029
0.0 0.068
0.0 0.176
0.0 0.038
0.0 0.034
1.0 0.270
0.0 0.039
0.0 0.029
0.0 0.032
0.0 0.061
0.0 0.098
0.0 0.037
0.0 0.037
0.0 0.044
0.0 0.031
0.0 0.062
0.0 0.035
1.0 0.202
0.0 0.048
0.0 0.033
0.0 0.032
0.0 0.028
0.0 0.053
0.0 0.031
0.0 0.039
0.0 0.030
0.0 0.290
0.0 0.033
0.0 0.034
1.0 0.458
0.0 0.212
0.0 0.038
0.0 0.077
0.0 0.045
0.0 0.032
0.0 0.029
0.0 0.299
0.0 0.074
0.0 0.027
0.0 0.046
0.0 0.048
0.0 0.032
0.0 0.037
1.0 0.268
0.0 0.346
0.0 0.199
0.0 0.046
0.0 0.041
0.0 0.030
0.0 0.028
0.0 0.277
0.0 0.032
0.0 0.032
1.0 0.307
0.0 0.035
0.0 0.053
0.0 0.047
0.0 0.285
0.0 0.027
0.0 0.031
0.0 0.033
1.0 0.049
0.0 0.044
1.0 0.040
1.0 0.228
1.0 0.043
0.0 0.031
0.0 0.135
0.0 0.109
0.0 0.030
1.0 0.064
0.0 0.030
0.0 0.151
0.0 0.033
0.0 0.031
0.0 0.041
0.0 0.030
0.0 0.046
0.0 0.030
1.0 0.089
0.0 0.031
0.0 0.038
1.0 0.390
0.0 0.041
0.0 0.033
0.0 0.032
1.0 0.141
0.0 0.361
0.0 0.287
1.0 0.336
0.0 0.034
0.0 0.031
0.0 0.042
0.0 0.031
0.0 0.034
0.0 0.027
0.0 0.069
0.0 0.029
0.0 0.036
1.0 0.686
0.0 0.032
0.0 0.029
0.0 0.033
0.0 0.095
0.0 0.029
0.0 0.035
0.0 0.028
0.0 0.031
0.0 0.035
0.0 0.075
0.0 0.031
0.0 0.030
0.0 0.034
0.0 0.029
0.0 0.045
0.0 0.070
0.0 0.028
1.0 0.228
0.0 0.034
0.0 0.031
0.0 0.361
1.0 0.177
0.0 0.032
0.0 0.037
0.0 0.038
0.0 0.029
0.0 0.036
0.0 0.033
1.0 0.034
0.0 0.088
0.0 0.117
0.0 0.045
0.0 0.065
0.0 0.030
0.0 0.034
0.0 0.038
0.0 0.034
0.0 0.035
0.0 0.044
0.0 0.028
0.0 0.049
0.0 0.033
0.0 0.028
0.0 0.036
0.0 0.053
0.0 0.037
1.0 0.462
0.0 0.042
0.0 0.067
0.0 0.335
0.0 0.082
0.0 0.029
0.0 0.028
0.0 0.034
0.0 0.030
0.0 0.043
0.0 0.058
0.0 0.039
0.0 0.033
0.0 0.046
0.0 0.049
0.0 0.041
0.0 0.034
0.0 0.034
0.0 0.060
0.0 0.036
0.0 0.041
0.0 0.331
0.0 0.102
0.0 0.030
0.0 0.034
0.0 0.030
0.0 0.027
1.0 0.134
0.0 0.031
0.0 0.040
0.0 0.034
0.0 0.028
0.0 0.031
1.0 0.680
0.0 0.034
0.0 0.039
0.0 0.046
0.0 0.091
0.0 0.035
0.0 0.030
0.0 0.255
0.0 0.038
0.0 0.124
0.0 0.035
0.0 0.036
0.0 0.036
0.0 0.194
0.0 0.043
0.0 0.031
0.0 0.034
0.0 0.032
0.0 0.038
1.0 0.465
1.0 0.307
0.0 0.153
0.0 0.047
0.0 0.030
1.0 0.084
0.0 0.030
1.0 0.082
0.0 0.030
0.0 0.039
0.0 0.350
0.0 0.067
0.0 0.032
0.0 0.531
0.0 0.177
0.0 0.052
0.0 0.028
0.0 0.044
1.0 0.291
1.0 0.157
0.0 0.152
0.0 0.051
0.0 0.032
0.0 0.036
0.0 0.031
0.0 0.031
0.0 0.058
0.0 0.042
0.0 0.028
0.0 0.046
0.0 0.335
0.0 0.050
0.0 0.036
0.0 0.047
0.0 0.037
1.0 0.165
0.0 0.088
1.0 0.138
0.0 0.136
0.0 0.036
0.0 0.041
0.0 0.263
0.0 0.040
0.0 0.039
1.0 0.330
0.0 0.268
0.0 0.443
0.0 0.235
0.0 0.228
0.0 0.031
0.0 0.029
0.0 0.030
0.0 0.039
1.0 0.344
1.0 0.104
0.0 0.033
0.0 0.039
0.0 0.038
0.0 0.049
0.0 0.045
0.0 0.305
0.0 0.028
0.0 0.043
0.0 0.036
1.0 0.281
0.0 0.102
0.0 0.036
0.0 0.113
1.0 0.341
0.0 0.030
0.0 0.080
0.0 0.035
0.0 0.033
1.0 0.366
0.0 0.086
0.0 0.188
0.0 0.028
0.0 0.068
0.0 0.043
0.0 0.033
0.0 0.041
0.0 0.060
0.0 0.032
0.0 0.030
0.0 0.046
1.0 0.145
1.0 0.340
0.0 0.341
0.0 0.057
1.0 0.283
0.0 0.030
0.0 0.338
0.0 0.029
0.0 0.030
0.0 0.315
0.0 0.028
1.0 0.426
0.0 0.051
0.0 0.035
1.0 0.288
0.0 0.030
0.0 0.677
1.0 0.294
0.0 0.175
0.0 0.029
0.0 0.043
0.0 0.032
0.0 0.083
0.0 0.035
1.0 0.093
0.0 0.054
0.0 0.030
0.0 0.064
0.0 0.029
0.0 0.031
0.0 0.054
1.0 0.127
1.0 0.318
0.0 0.028
1.0 0.092
0.0 0.548
0.0 0.038
0.0 0.030
0.0 0.065
0.0 0.029
0.0 0.034
0.0 0.045
0.0 0.061
0.0 0.030
0.0 0.049
0.0 0.060
0.0 0.032
0.0 0.028
0.0 0.032
0.0 0.027
0.0 0.322
0.0 0.032
0.0 0.046
0.0 0.067
0.0 0.030
0.0 0.048
0.0 0.031
0.0 0.297
1.0 0.276
0.0 0.033
0.0 0.046
0.0 0.031
0.0 0.036
0.0 0.033
0.0 0.322
0.0 0.041
0.0 0.027
1.0 0.256
0.0 0.037
1.0 0.095
0.0 0.029
0.0 0.027
0.0 0.027
0.0 0.030
0.0 0.029
0.0 0.035
1.0 0.055
0.0 0.048
0.0 0.027
0.0 0.035
0.0 0.029
0.0 0.040
0.0 0.031
1.0 0.283
0.0 0.038
0.0 0.404
0.0 0.075
0.0 0.071
0.0 0.031
0.0 0.031
0.0 0.338
0.0 0.031
0.0 0.063
0.0 0.031
1.0 0.200
0.0 0.138
0.0 0.149
1.0 0.508
1.0 0.661
0.0 0.044
0.0 0.079
0.0 0.112
0.0 0.034
1.0 0.095
0.0 0.040
0.0 0.031
0.0 0.038
0.0 0.037
0.0 0.029
1.0 0.529
0.0 0.060
0.0 0.030
0.0 0.288
0.0 0.061
0.0 0.032
0.0 0.030
0.0 0.036
0.0 0.029
0.0 0.036
1.0 0.269
0.0 0.040
1.0 0.324
1.0 0.404
0.0 0.203
0.0 0.077
0.0 0.280
0.0 0.031
0.0 0.335
1.0 0.090
0.0 0.030
0.0 0.032
0.0 0.032
0.0 0.043
1.0 0.252
0.0 0.029
0.0 0.031
0.0 0.031
0.0 0.035
0.0 0.030
0.0 0.028
0.0 0.041
0.0 0.030
1.0 0.104
0.0 0.038
0.0 0.047
1.0 0.482
0.0 0.029
0.0 0.041
0.0 0.066
0.0 0.279
0.0 0.030
0.0 0.032
0.0 0.033
0.0 0.030
1.0 0.264
0.0 0.032
0.0 0.068
0.0 0.061
0.0 0.034
0.0 0.036
0.0 0.050
0.0 0.031
0.0 0.031
0.0 0.029
0.0 0.038
0.0 0.030
0.0 0.245
0.0 0.036
0.0 0.320
1.0 0.313
0.0 0.030
0.0 0.042
0.0 0.041
0.0 0.034
0.0 0.043
0.0 0.039
0.0 0.110
0.0 0.030
1.0 0.039
0.0 0.039
0.0 0.050
1.0 0.202
0.0 0.294
0.0 0.029
1.0 0.271
0.0 0.032
0.0 0.033
0.0 0.029
0.0 0.032
0.0 0.061
0.0 0.034
0.0 0.029
1.0 0.054
0.0 0.029
0.0 0.339
0.0 0.031
0.0 0.049
1.0 0.403
0.0 0.032
0.0 0.034
0.0 0.028
0.0 0.300
0.0 0.036
0.0 0.030
0.0 0.227
0.0 0.031
0.0 0.046
0.0 0.033
0.0 0.040
0.0 0.038
0.0 0.029
0.0 0.328
0.0 0.036
0.0 0.032
0.0 0.038
0.0 0.033
0.0 0.046
0.0 0.060
1.0 0.104
0.0 0.029
0.0 0.047
0.0 0.053
0.0 0.028
0.0 0.037
0.0 0.039
1.0 0.096
0.0 0.041
0.0 0.316
0.0 0.036
0.0 0.052
0.0 0.043
0.0 0.028
0.0 0.030
0.0 0.284
1.0 0.200
0.0 0.068
0.0 0.027
0.0 0.048
0.0 0.032
0.0 0.035
0.0 0.312
0.0 0.327
0.0 0.084
0.0 0.030
0.0 0.120
0.0 0.062
0.0 0.289
0.0 0.036
0.0 0.090
0.0 0.045
0.0 0.029
0.0 0.050
0.0 0.042
0.0 0.132
0.0 0.040
0.0 0.343
0.0 0.031
0.0 0.032
0.0 0.072
0.0 0.030
0.0 0.053
0.0 0.090
0.0 0.029
0.0 0.041
0.0 0.190
0.0 0.386
0.0 0.035
0.0 0.034
0.0 0.035
0.0 0.035
0.0 0.044
0.0 0.033
0.0 0.030
0.0 0.039
0.0 0.039
0.0 0.143
0.0 0.039
0.0 0.048
0.0 0.038
0.0 0.035
1.0 0.267
0.0 0.039
0.0 0.055
0.0 0.294
1.0 0.042
0.0 0.044
0.0 0.033
0.0 0.042
0.0 0.029
1.0 0.338
0.0 0.041
0.0 0.033
0.0 0.042
0.0 0.039
0.0 0.045
0.0 0.195
0.0 0.029
1.0 0.288
0.0 0.065
0.0 0.035
0.0 0.051
0.0 0.031
0.0 0.040
0.0 0.028
0.0 0.036
0.0 0.358
0.0 0.258
0.0 0.030
0.0 0.029
0.0 0.030
0.0 0.103
0.0 0.036
0.0 0.047
0.0 0.076
0.0 0.033
0.0 0.072
0.0 0.033
0.0 0.040
0.0 0.032
0.0 0.032
0.0 0.028
0.0 0.266
0.0 0.031
0.0 0.030
1.0 0.371
0.0 0.027
0.0 0.036
0.0 0.057
0.0 0.032
0.0 0.372
0.0 0.120
0.0 0.378
0.0 0.031
0.0 0.035
0.0 0.106
1.0 0.202
1.0 0.035
0.0 0.204
0.0 0.040
0.0 0.030
0.0 0.157
0.0 0.306
0.0 0.030
1.0 0.066
0.0 0.030
1.0 0.069
0.0 0.373
0.0 0.028
0.0 0.038
0.0 0.030
0.0 0.034
0.0 0.033
0.0 0.034
0.0 0.037
0.0 0.057
0.0 0.303
0.0 0.035
0.0 0.031
0.0 0.049
0.0 0.051
0.0 0.039
0.0 0.035
0.0 0.063
1.0 0.127
0.0 0.271
0.0 0.034
0.0 0.044
0.0 0.030
0.0 0.195
0.0 0.080
0.0 0.036
0.0 0.030
0.0 0.055
0.0 0.030
0.0 0.034
0.0 0.310
0.0 0.031
0.0 0.031
0.0 0.040
1.0 0.316
1.0 0.039
0.0 0.062
0.0 0.035
0.0 0.521
0.0 0.047
1.0 0.552
0.0 0.038
0.0 0.034
0.0 0.040
1.0 0.271
0.0 0.031
0.0 0.051
0.0 0.028
1.0 0.291
0.0 0.033
0.0 0.166
1.0 0.483
0.0 0.031
0.0 0.112
1.0 0.163
0.0 0.029
0.0 0.030
0.0 0.034
0.0 0.031
0.0 0.029
0.0 0.047
0.0 0.326
0.0 0.440
0.0 0.288
0.0 0.031
0.0 0.038
0.0 0.032
0.0 0.035
0.0 0.062
0.0 0.028
0.0 0.031
0.0 0.029
0.0 0.102
0.0 0.033
