0.0 0.165
0.0 0.016
0.0 0.017
0.0 0.016
0.0 0.448
0.0 0.144
0.0 0.017
0.0 0.026
0.0 0.020
0.0 0.023
0.0 0.017
0.0 0.016
0.0 0.020
0.0 0.019
0.0 0.020
0.0 0.020
1.0 0.770
0.0 0.078
1.0 0.362
0.0 0.015
0.0 0.030
0.0 0.018
0.0 0.016
0.0 0.312
0.0 0.173
0.0 0.037
0.0 0.020
0.0 0.017
0.0 0.032
0.0 0.030
0.0 0.016
0.0 0.015
0.0 0.056
0.0 0.018
0.0 0.016
0.0 0.020
0.0 0.015
0.0 0.146
0.0 0.173
0.0 0.206
0.0 0.017
0.0 0.016
0.0 0.020
0.0 0.021
0.0 0.017
0.0 0.017
0.0 0.362
0.0 0.018
0.0 0.128
0.0 0.016
0.0 0.017
0.0 0.024
0.0 0.017
0.0 0.017
0.0 0.193
0.0 0.032
0.0 0.015
0.0 0.016
0.0 0.169
0.0 0.113
0.0 0.017
1.0 0.246
0.0 0.017
0.0 0.017
0.0 0.148
0.0 0.022
0.0 0.017
0.0 0.018
0.0 0.016
0.0 0.015
1.0 0.368
0.0 0.185
0.0 0.017
1.0 0.432
0.0 0.079
0.0 0.018
0.0 0.257
0.0 0.017
1.0 0.382
0.0 0.058
0.0 0.048
0.0 0.025
0.0 0.018
0.0 0.262
0.0 0.017
0.0 0.031
0.0 0.015
0.0 0.032
0.0 0.074
0.0 0.017
0.0 0.034
0.0 0.016
0.0 0.017
0.0 0.015
0.0 0.018
0.0 0.018
0.0 0.015
0.0 0.016
0.0 0.061
0.0 0.207
0.0 0.014
0.0 0.016
0.0 0.015
0.0 0.043
0.0 0.015
0.0 0.131
0.0 0.026
0.0 0.016
0.0 0.021
0.0 0.017
0.0 0.018
1.0 0.347
0.0 0.017
0.0 0.015
0.0 0.032
0.0 0.036
0.0 0.015
0.0 0.015
1.0 0.481
0.0 0.198
0.0 0.017
0.0 0.015
0.0 0.020
0.0 0.016
0.0 0.015
0.0 0.023
0.0 0.019
0.0 0.038
0.0 0.016
0.0 0.016
0.0 0.173
0.0 0.037
0.0 0.019
0.0 0.018
0.0 0.016
0.0 0.171
1.0 0.029
0.0 0.022
0.0 0.054
0.0 0.047
0.0 0.015
0.0 0.016
1.0 0.343
0.0 0.021
0.0 0.035
0.0 0.018
0.0 0.019
0.0 0.017
0.0 0.016
0.0 0.016
0.0 0.016
0.0 0.016
0.0 0.016
0.0 0.027
0.0 0.063
0.0 0.019
0.0 0.018
0.0 0.023
0.0 0.197
0.0 0.019
0.0 0.016
1.0 0.082
0.0 0.027
0.0 0.017
0.0 0.062
0.0 0.017
0.0 0.021
0.0 0.017
0.0 0.015
0.0 0.172
0.0 0.016
1.0 0.021
0.0 0.024
0.0 0.189
0.0 0.016
0.0 0.024
0.0 0.018
0.0 0.142
0.0 0.016
0.0 0.284
0.0 0.047
0.0 0.031
0.0 0.015
1.0 0.564
0.0 0.019
1.0 0.375
0.0 0.018
0.0 0.024
0.0 0.030
0.0 0.259
0.0 0.016
0.0 0.017
0.0 0.018
0.0 0.149
0.0 0.016
0.0 0.147
0.0 0.015
0.0 0.040
0.0 0.124
0.0 0.018
0.0 0.018
0.0 0.019
0.0 0.106
0.0 0.017
0.0 0.185
0.0 0.017
0.0 0.021
0.0 0.018
0.0 0.015
0.0 0.018
0.0 0.039
0.0 0.021
0.0 0.069
0.0 0.017
0.0 0.015
0.0 0.018
0.0 0.017
0.0 0.018
0.0 0.017
0.0 0.016
0.0 0.019
0.0 0.018
0.0 0.018
0.0 0.016
0.0 0.016
0.0 0.045
0.0 0.017
0.0 0.020
0.0 0.016
0.0 0.025
0.0 0.266
0.0 0.018
0.0 0.016
0.0 0.029
0.0 0.017
0.0 0.120
0.0 0.015
0.0 0.017
0.0 0.161
0.0 0.016
0.0 0.157
0.0 0.018
0.0 0.222
0.0 0.020
0.0 0.015
1.0 0.098
0.0 0.017
0.0 0.017
1.0 0.120
0.0 0.053
0.0 0.019
0.0 0.024
0.0 0.017
0.0 0.015
1.0 0.212
0.0 0.015
0.0 0.024
0.0 0.017
0.0 0.015
0.0 0.018
0.0 0.025
0.0 0.015
0.0 0.023
0.0 0.016
0.0 0.015
0.0 0.102
0.0 0.018
0.0 0.031
0.0 0.016
0.0 0.017
0.0 0.027
0.0 0.016
0.0 0.017
0.0 0.015
0.0 0.016
0.0 0.017
0.0 0.075
0.0 0.024
0.0 0.016
0.0 0.019
0.0 0.021
0.0 0.016
0.0 0.015
0.0 0.031
0.0 0.169
0.0 0.051
0.0 0.017
0.0 0.079
0.0 0.349
1.0 0.253
0.0 0.016
1.0 0.287
0.0 0.015
0.0 0.030
0.0 0.124
0.0 0.024
0.0 0.115
0.0 0.018
0.0 0.174
0.0 0.036
0.0 0.019
0.0 0.018
1.0 0.063
1.0 0.019
0.0 0.041
0.0 0.029
1.0 0.277
0.0 0.220
0.0 0.017
0.0 0.015
0.0 0.132
0.0 0.044
0.0 0.017
0.0 0.194
0.0 0.017
0.0 0.016
0.0 0.130
0.0 0.020
0.0 0.019
0.0 0.019
0.0 0.015
0.0 0.015
0.0 0.201
0.0 0.166
0.0 0.019
0.0 0.017
0.0 0.092
0.0 0.130
0.0 0.033
0.0 0.026
0.0 0.017
0.0 0.016
0.0 0.106
0.0 0.033
0.0 0.016
0.0 0.023
0.0 0.017
1.0 0.414
0.0 0.036
0.0 0.016
0.0 0.016
0.0 0.016
0.0 0.098
0.0 0.015
0.0 0.017
0.0 0.023
0.0 0.016
0.0 0.016
0.0 0.016
0.0 0.015
0.0 0.017
0.0 0.017
0.0 0.017
0.0 0.018
0.0 0.016
0.0 0.017
0.0 0.142
0.0 0.031
1.0 0.093
0.0 0.231
0.0 0.015
0.0 0.017
0.0 0.017
0.0 0.201
0.0 0.037
0.0 0.018
0.0 0.018
0.0 0.016
0.0 0.020
1.0 0.437
0.0 0.019
0.0 0.019
0.0 0.020
0.0 0.017
0.0 0.037
0.0 0.016
1.0 0.140
0.0 0.027
0.0 0.021
0.0 0.017
0.0 0.162
1.0 0.101
0.0 0.022
0.0 0.016
0.0 0.036
0.0 0.018
0.0 0.022
0.0 0.022
0.0 0.027
0.0 0.108
0.0 0.014
0.0 0.035
0.0 0.017
0.0 0.034
0.0 0.017
0.0 0.022
0.0 0.015
0.0 0.018
0.0 0.031
1.0 0.099
0.0 0.015
0.0 0.017
0.0 0.023
0.0 0.187
0.0 0.016
0.0 0.016
1.0 0.585
0.0 0.019
0.0 0.213
0.0 0.018
0.0 0.016
1.0 0.419
0.0 0.053
0.0 0.016
0.0 0.015
0.0 0.017
0.0 0.016
0.0 0.018
0.0 0.014
0.0 0.014
0.0 0.018
0.0 0.016
0.0 0.029
0.0 0.025
0.0 0.016
0.0 0.018
0.0 0.015
0.0 0.015
0.0 0.019
0.0 0.018
0.0 0.024
0.0 0.018
0.0 0.069
0.0 0.017
0.0 0.017
0.0 0.038
0.0 0.015
0.0 0.190
0.0 0.051
0.0 0.016
0.0 0.021
0.0 0.208
0.0 0.017
0.0 0.017
0.0 0.035
0.0 0.018
0.0 0.265
0.0 0.047
0.0 0.019
0.0 0.016
0.0 0.019
0.0 0.105
0.0 0.017
0.0 0.061
0.0 0.016
0.0 0.015
0.0 0.018
0.0 0.017
0.0 0.018
0.0 0.170
0.0 0.220
0.0 0.085
0.0 0.020
0.0 0.016
0.0 0.016
0.0 0.017
0.0 0.015
1.0 0.379
0.0 0.030
0.0 0.015
0.0 0.015
0.0 0.017
0.0 0.017
0.0 0.108
0.0 0.018
0.0 0.078
0.0 0.172
0.0 0.017
0.0 0.015
0.0 0.032
0.0 0.019
0.0 0.016
0.0 0.064
0.0 0.016
0.0 0.037
0.0 0.016
0.0 0.033
0.0 0.093
0.0 0.362
0.0 0.018
0.0 0.022
0.0 0.020
0.0 0.015
0.0 0.067
0.0 0.118
0.0 0.017
0.0 0.019
0.0 0.111
0.0 0.017
0.0 0.016
0.0 0.193
0.0 0.015
0.0 0.017
1.0 0.161
0.0 0.016
0.0 0.017
0.0 0.015
1.0 0.172
0.0 0.015
0.0 0.197
0.0 0.016
1.0 0.169
0.0 0.031
0.0 0.015
0.0 0.022
0.0 0.018
0.0 0.020
0.0 0.015
0.0 0.018
0.0 0.018
0.0 0.017
0.0 0.015
0.0 0.031
0.0 0.015
0.0 0.018
0.0 0.082
0.0 0.021
0.0 0.019
0.0 0.024
0.0 0.018
0.0 0.179
0.0 0.194
0.0 0.019
0.0 0.216
0.0 0.177
0.0 0.149
0.0 0.020
0.0 0.022
0.0 0.016
0.0 0.017
0.0 0.016
0.0 0.020
0.0 0.224
0.0 0.019
0.0 0.021
0.0 0.015
0.0 0.017
1.0 0.202
0.0 0.035
0.0 0.020
0.0 0.103
0.0 0.021
0.0 0.017
1.0 0.272
0.0 0.024
0.0 0.016
0.0 0.254
0.0 0.018
1.0 0.101
0.0 0.018
0.0 0.020
0.0 0.017
0.0 0.018
0.0 0.022
0.0 0.057
0.0 0.045
0.0 0.016
0.0 0.017
0.0 0.016
0.0 0.019
0.0 0.027
0.0 0.044
0.0 0.019
1.0 0.226
0.0 0.017
0.0 0.028
0.0 0.016
0.0 0.207
0.0 0.028
0.0 0.021
0.0 0.056
0.0 0.017
0.0 0.016
0.0 0.017
0.0 0.017
0.0 0.022
0.0 0.021
0.0 0.017
1.0 0.334
0.0 0.029
0.0 0.069
0.0 0.017
0.0 0.025
0.0 0.023
0.0 0.017
0.0 0.017
0.0 0.022
0.0 0.051
1.0 0.258
1.0 0.135
0.0 0.016
0.0 0.018
0.0 0.016
0.0 0.021
0.0 0.016
0.0 0.018
0.0 0.017
0.0 0.125
0.0 0.016
1.0 0.171
1.0 0.184
0.0 0.017
0.0 0.018
0.0 0.016
0.0 0.017
0.0 0.059
0.0 0.562
0.0 0.018
0.0 0.018
0.0 0.018
0.0 0.016
0.0 0.017
0.0 0.257
0.0 0.030
0.0 0.134
0.0 0.015
1.0 0.268
0.0 0.026
0.0 0.022
0.0 0.015
0.0 0.015
0.0 0.015
0.0 0.017
0.0 0.017
0.0 0.018
1.0 0.421
0.0 0.016
0.0 0.173
0.0 0.025
0.0 0.019
0.0 0.018
0.0 0.015
0.0 0.015
0.0 0.017
0.0 0.016
0.0 0.015
0.0 0.018
0.0 0.016
0.0 0.017
0.0 0.041
1.0 0.205
0.0 0.018
0.0 0.019
0.0 0.015
0.0 0.133
0.0 0.224
0.0 0.016
0.0 0.023
0.0 0.019
0.0 0.017
0.0 0.020
1.0 0.116
0.0 0.066
0.0 0.027
0.0 0.023
0.0 0.015
0.0 0.016
0.0 0.018
0.0 0.019
0.0 0.192
0.0 0.016
0.0 0.019
0.0 0.056
0.0 0.021
0.0 0.031
0.0 0.028
0.0 0.092
0.0 0.016
0.0 0.016
0.0 0.020
0.0 0.023
0.0 0.015
0.0 0.016
0.0 0.034
0.0 0.048
0.0 0.017
0.0 0.015
0.0 0.019
0.0 0.021
0.0 0.177
0.0 0.014
0.0 0.224
0.0 0.018
0.0 0.016
0.0 0.025
0.0 0.016
0.0 0.017
0.0 0.256
1.0 0.199
0.0 0.037
0.0 0.046
0.0 0.018
0.0 0.019
0.0 0.019
0.0 0.015
0.0 0.253
0.0 0.016
0.0 0.047
0.0 0.016
1.0 0.243
0.0 0.017
0.0 0.144
0.0 0.016
0.0 0.018
0.0 0.015
0.0 0.017
0.0 0.174
0.0 0.015
0.0 0.015
0.0 0.015
0.0 0.020
0.0 0.015
0.0 0.016
0.0 0.017
0.0 0.127
0.0 0.017
1.0 0.050
0.0 0.133
0.0 0.017
0.0 0.022
0.0 0.019
0.0 0.181
0.0 0.167
0.0 0.212
0.0 0.016
0.0 0.079
0.0 0.016
0.0 0.015
0.0 0.015
1.0 0.180
0.0 0.017
0.0 0.055
0.0 0.016
0.0 0.016
0.0 0.016
0.0 0.229
0.0 0.017
0.0 0.018
0.0 0.018
0.0 0.028
0.0 0.023
0.0 0.017
0.0 0.015
0.0 0.029
0.0 0.021
0.0 0.024
0.0 0.078
0.0 0.026
1.0 0.348
0.0 0.100
0.0 0.019
0.0 0.017
0.0 0.015
0.0 0.186
0.0 0.016
0.0 0.020
0.0 0.015
0.0 0.016
0.0 0.074
0.0 0.149
0.0 0.189
0.0 0.017
0.0 0.126
0.0 0.016
0.0 0.025
0.0 0.017
0.0 0.020
0.0 0.082
0.0 0.018
0.0 0.016
0.0 0.025
0.0 0.016
0.0 0.015
0.0 0.040
0.0 0.100
0.0 0.017
0.0 0.020
0.0 0.015
0.0 0.017
0.0 0.018
0.0 0.023
0.0 0.024
0.0 0.016
0.0 0.209
0.0 0.026
0.0 0.023
0.0 0.057
0.0 0.015
0.0 0.023
0.0 0.015
0.0 0.191
0.0 0.017
0.0 0.020
0.0 0.028
0.0 0.131
0.0 0.020
0.0 0.018
0.0 0.015
0.0 0.037
0.0 0.036
0.0 0.024
0.0 0.156
0.0 0.065
0.0 0.015
0.0 0.015
0.0 0.018
0.0 0.020
0.0 0.016
0.0 0.024
0.0 0.111
0.0 0.016
0.0 0.021
0.0 0.018
1.0 0.216
1.0 0.114
0.0 0.029
0.0 0.015
0.0 0.016
0.0 0.017
0.0 0.288
1.0 0.304
0.0 0.017
0.0 0.017
0.0 0.019
0.0 0.017
0.0 0.031
0.0 0.016
0.0 0.019
0.0 0.038
0.0 0.019
0.0 0.016
0.0 0.019
0.0 0.018
0.0 0.024
0.0 0.223
0.0 0.016
0.0 0.015
0.0 0.016
0.0 0.017
0.0 0.031
0.0 0.156
0.0 0.017
0.0 0.020
0.0 0.135
0.0 0.015
0.0 0.016
0.0 0.017
0.0 0.016
0.0 0.017
1.0 0.196
0.0 0.016
0.0 0.016
0.0 0.020
0.0 0.048
0.0 0.017
0.0 0.017
0.0 0.018
0.0 0.026
0.0 0.015
0.0 0.024
0.0 0.019
0.0 0.017
0.0 0.115
0.0 0.016
0.0 0.029
1.0 0.042
0.0 0.018
1.0 0.474
0.0 0.016
0.0 0.016
1.0 0.363
1.0 0.065
0.0 0.050
0.0 0.021
0.0 0.020
0.0 0.019
1.0 0.021
0.0 0.017
0.0 0.023
0.0 0.078
0.0 0.018
1.0 0.233
0.0 0.020
0.0 0.226
0.0 0.016
0.0 0.017
0.0 0.019
0.0 0.015
0.0 0.110
0.0 0.043
0.0 0.022
0.0 0.185
0.0 0.017
0.0 0.016
0.0 0.018
0.0 0.208
0.0 0.015
1.0 0.185
0.0 0.019
0.0 0.015
1.0 0.397
0.0 0.050
0.0 0.017
1.0 0.119
0.0 0.058
0.0 0.020
0.0 0.017
0.0 0.032
0.0 0.024
0.0 0.161
1.0 0.232
0.0 0.019
0.0 0.015
0.0 0.017
0.0 0.015
0.0 0.020
0.0 0.017
0.0 0.018
0.0 0.015
0.0 0.018
0.0 0.310
0.0 0.015
0.0 0.025
0.0 0.019
1.0 0.033
0.0 0.017
0.0 0.038
0.0 0.016
0.0 0.015
0.0 0.017
0.0 0.076
0.0 0.016
0.0 0.017
0.0 0.036
0.0 0.016
0.0 0.020
0.0 0.016
0.0 0.035
0.0 0.017
0.0 0.020
0.0 0.016
0.0 0.019
0.0 0.103
0.0 0.023
0.0 0.025
0.0 0.016
0.0 0.017
0.0 0.016
0.0 0.030
1.0 0.091
0.0 0.017
0.0 0.016
0.0 0.028
0.0 0.182
0.0 0.018
0.0 0.020
0.0 0.015
1.0 0.349
0.0 0.022
0.0 0.015
1.0 0.027
0.0 0.015
0.0 0.019
0.0 0.018
0.0 0.186
0.0 0.016
0.0 0.043
0.0 0.016
0.0 0.016
0.0 0.025
0.0 0.016
0.0 0.017
0.0 0.016
0.0 0.185
0.0 0.055
0.0 0.017
0.0 0.018
0.0 0.019
0.0 0.039
0.0 0.016
0.0 0.015
1.0 0.363
0.0 0.030
0.0 0.018
0.0 0.021
0.0 0.031
0.0 0.017
1.0 0.262
0.0 0.019
0.0 0.033
0.0 0.017
0.0 0.021
0.0 0.017
0.0 0.038
0.0 0.017
0.0 0.017
0.0 0.025
0.0 0.019
0.0 0.015
0.0 0.018
0.0 0.020
0.0 0.019
0.0 0.025
0.0 0.022
0.0 0.032
0.0 0.016
0.0 0.032
0.0 0.019
1.0 0.562
0.0 0.018
0.0 0.018
0.0 0.026
0.0 0.018
0.0 0.015
0.0 0.018
0.0 0.092
1.0 0.034
0.0 0.023
0.0 0.016
0.0 0.046
0.0 0.094
0.0 0.051
0.0 0.422
0.0 0.018
0.0 0.017
0.0 0.017
0.0 0.016
0.0 0.016
0.0 0.028
1.0 0.165
0.0 0.173
0.0 0.207
0.0 0.017
0.0 0.021
1.0 0.102
0.0 0.181
0.0 0.100
0.0 0.018
0.0 0.018
0.0 0.016
1.0 0.060
0.0 0.069
1.0 0.022
0.0 0.016
0.0 0.023
0.0 0.016
0.0 0.016
0.0 0.145
0.0 0.045
0.0 0.016
0.0 0.018
0.0 0.022
0.0 0.019
0.0 0.016
0.0 0.015
0.0 0.019
0.0 0.018
0.0 0.018
0.0 0.238
0.0 0.232
0.0 0.114
0.0 0.016
0.0 0.015
0.0 0.015
0.0 0.016
0.0 0.021
0.0 0.051
0.0 0.021
0.0 0.017
0.0 0.021
1.0 0.566
0.0 0.015
0.0 0.019
0.0 0.201
0.0 0.019
0.0 0.023
0.0 0.112
0.0 0.019
0.0 0.021
0.0 0.020
0.0 0.024
0.0 0.021
0.0 0.041
0.0 0.015
0.0 0.026
0.0 0.158
0.0 0.015
0.0 0.210
0.0 0.104
0.0 0.140
0.0 0.015
0.0 0.018
0.0 0.063
0.0 0.016
0.0 0.018
0.0 0.016
0.0 0.015
1.0 0.162
0.0 0.026
0.0 0.021
0.0 0.021
0.0 0.016
0.0 0.163
0.0 0.016
0.0 0.022
0.0 0.169
1.0 0.223
0.0 0.015
0.0 0.016
0.0 0.015
0.0 0.017
0.0 0.021
0.0 0.018
1.0 0.412
0.0 0.016
0.0 0.017
0.0 0.071
0.0 0.018
0.0 0.045
0.0 0.024
0.0 0.020
0.0 0.055
0.0 0.143
0.0 0.016
0.0 0.178
1.0 0.650
0.0 0.018
0.0 0.020
0.0 0.022
0.0 0.043
0.0 0.018
0.0 0.015
0.0 0.018
0.0 0.016
0.0 0.015
0.0 0.040
1.0 0.144
0.0 0.016
0.0 0.019
0.0 0.026
0.0 0.016
0.0 0.037
0.0 0.020
0.0 0.148
0.0 0.017
0.0 0.049
0.0 0.056
0.0 0.039
0.0 0.016
0.0 0.017
0.0 0.022
1.0 0.327
0.0 0.035
0.0 0.054
0.0 0.143
0.0 0.023
0.0 0.041
0.0 0.017
0.0 0.064
0.0 0.025
0.0 0.018
0.0 0.131
1.0 0.098
0.0 0.019
0.0 0.174
0.0 0.026
0.0 0.020
0.0 0.018
0.0 0.052
0.0 0.016
0.0 0.017
0.0 0.019
0.0 0.041
0.0 0.016
0.0 0.015
0.0 0.038
0.0 0.018
0.0 0.015
0.0 0.022
0.0 0.259
0.0 0.036
0.0 0.017
0.0 0.019
0.0 0.017
0.0 0.019
0.0 0.076
0.0 0.017
0.0 0.016
0.0 0.016
0.0 0.025
1.0 0.540
0.0 0.015
0.0 0.017
0.0 0.016
0.0 0.032
0.0 0.018
0.0 0.156
0.0 0.016
0.0 0.024
0.0 0.018
0.0 0.102
0.0 0.020
0.0 0.018
0.0 0.016
0.0 0.076
0.0 0.177
0.0 0.016
0.0 0.017
1.0 0.145
0.0 0.017
0.0 0.016
0.0 0.016
0.0 0.016
0.0 0.019
0.0 0.019
0.0 0.026
0.0 0.020
1.0 0.154
0.0 0.028
0.0 0.015
0.0 0.020
0.0 0.026
0.0 0.118
0.0 0.023
0.0 0.016
0.0 0.019
0.0 0.019
0.0 0.018
0.0 0.015
0.0 0.060
0.0 0.017
0.0 0.023
0.0 0.018
0.0 0.165
0.0 0.194
0.0 0.093
0.0 0.017
0.0 0.017
0.0 0.021
0.0 0.020
0.0 0.018
0.0 0.016
0.0 0.015
0.0 0.033
0.0 0.015
0.0 0.017
0.0 0.189
0.0 0.027
0.0 0.019
0.0 0.034
0.0 0.028
0.0 0.036
0.0 0.017
0.0 0.019
0.0 0.022
0.0 0.019
0.0 0.021
0.0 0.016
0.0 0.186
0.0 0.016
0.0 0.016
0.0 0.018
0.0 0.018
1.0 0.176
0.0 0.016
0.0 0.018
0.0 0.020
0.0 0.028
0.0 0.110
0.0 0.017
0.0 0.015
0.0 0.021
1.0 0.167
0.0 0.113
0.0 0.016
1.0 0.428
0.0 0.017
0.0 0.015
1.0 0.186
0.0 0.018
0.0 0.122
0.0 0.050
0.0 0.017
0.0 0.079
0.0 0.114
0.0 0.017
0.0 0.187
0.0 0.016
0.0 0.015
0.0 0.017
0.0 0.089
0.0 0.016
0.0 0.021
0.0 0.017
0.0 0.022
0.0 0.017
1.0 0.235
0.0 0.035
0.0 0.016
0.0 0.018
0.0 0.020
0.0 0.022
0.0 0.179
0.0 0.273
0.0 0.183
0.0 0.016
0.0 0.213
0.0 0.144
0.0 0.016
0.0 0.018
0.0 0.020
0.0 0.015
0.0 0.020
0.0 0.018
0.0 0.019
0.0 0.024
0.0 0.016
0.0 0.030
0.0 0.019
0.0 0.050
0.0 0.016
0.0 0.015
0.0 0.021
0.0 0.015
0.0 0.043
0.0 0.029
0.0 0.114
0.0 0.017
0.0 0.015
0.0 0.051
0.0 0.093
1.0 0.207
0.0 0.250
0.0 0.016
1.0 0.186
0.0 0.015
0.0 0.016
0.0 0.019
0.0 0.016
0.0 0.037
0.0 0.018
0.0 0.016
0.0 0.022
0.0 0.018
0.0 0.017
0.0 0.188
0.0 0.078
0.0 0.015
0.0 0.015
0.0 0.016
0.0 0.018
0.0 0.183
0.0 0.017
0.0 0.016
0.0 0.015
0.0 0.048
0.0 0.017
0.0 0.161
0.0 0.017
0.0 0.017
0.0 0.015
0.0 0.015
0.0 0.024
0.0 0.015
1.0 0.217
0.0 0.028
0.0 0.145
0.0 0.022
0.0 0.101
0.0 0.029
0.0 0.027
0.0 0.017
0.0 0.018
0.0 0.042
0.0 0.015
0.0 0.030
0.0 0.186
0.0 0.033
0.0 0.018
0.0 0.024
0.0 0.016
0.0 0.016
0.0 0.015
0.0 0.023
0.0 0.020
0.0 0.029
0.0 0.016
0.0 0.017
0.0 0.015
0.0 0.017
0.0 0.025
1.0 0.101
0.0 0.034
0.0 0.015
1.0 0.157
0.0 0.019
0.0 0.021
0.0 0.017
0.0 0.015
0.0 0.095
0.0 0.050
0.0 0.044
0.0 0.018
0.0 0.016
0.0 0.017
0.0 0.017
0.0 0.158
0.0 0.021
0.0 0.110
0.0 0.016
0.0 0.019
0.0 0.015
0.0 0.016
0.0 0.020
0.0 0.130
0.0 0.021
0.0 0.046
0.0 0.017
0.0 0.017
0.0 0.058
0.0 0.028
0.0 0.023
0.0 0.017
0.0 0.016
0.0 0.016
0.0 0.017
0.0 0.154
0.0 0.016
0.0 0.018
0.0 0.022
0.0 0.017
0.0 0.017
0.0 0.017
1.0 0.040
0.0 0.016
0.0 0.245
0.0 0.016
0.0 0.035
0.0 0.017
0.0 0.028
0.0 0.018
0.0 0.048
0.0 0.022
1.0 0.126
0.0 0.015
0.0 0.024
0.0 0.032
0.0 0.016
0.0 0.021
0.0 0.036
0.0 0.021
0.0 0.018
0.0 0.137
0.0 0.018
0.0 0.016
0.0 0.015
0.0 0.021
0.0 0.016
0.0 0.020
0.0 0.017
0.0 0.021
0.0 0.016
0.0 0.017
0.0 0.030
0.0 0.017
0.0 0.016
1.0 0.400
0.0 0.016
0.0 0.034
0.0 0.018
0.0 0.016
0.0 0.015
0.0 0.291
0.0 0.024
0.0 0.015
0.0 0.015
0.0 0.016
0.0 0.021
0.0 0.088
0.0 0.018
0.0 0.019
0.0 0.016
0.0 0.015
0.0 0.022
0.0 0.022
0.0 0.015
1.0 0.473
0.0 0.017
0.0 0.063
0.0 0.016
0.0 0.015
0.0 0.023
0.0 0.046
0.0 0.017
0.0 0.017
0.0 0.024
0.0 0.016
0.0 0.018
0.0 0.027
0.0 0.018
0.0 0.014
0.0 0.016
0.0 0.017
0.0 0.020
0.0 0.056
0.0 0.018
0.0 0.016
0.0 0.016
0.0 0.024
0.0 0.015
0.0 0.019
0.0 0.035
0.0 0.026
0.0 0.015
0.0 0.061
0.0 0.016
0.0 0.016
0.0 0.018
0.0 0.129
0.0 0.016
0.0 0.159
0.0 0.021
0.0 0.155
0.0 0.228
0.0 0.018
0.0 0.018
0.0 0.220
0.0 0.019
0.0 0.033
0.0 0.019
0.0 0.101
0.0 0.017
0.0 0.016
0.0 0.019
0.0 0.026
0.0 0.023
0.0 0.016
0.0 0.016
0.0 0.023
0.0 0.025
0.0 0.017
0.0 0.014
0.0 0.034
0.0 0.192
0.0 0.017
0.0 0.020
0.0 0.029
0.0 0.021
0.0 0.019
0.0 0.019
0.0 0.018
0.0 0.016
0.0 0.087
0.0 0.014
0.0 0.022
0.0 0.023
0.0 0.017
0.0 0.020
0.0 0.019
0.0 0.033
0.0 0.016
0.0 0.015
0.0 0.016
0.0 0.015
0.0 0.018
1.0 0.021
0.0 0.016
0.0 0.016
0.0 0.192
1.0 0.020
0.0 0.048
0.0 0.149
0.0 0.017
0.0 0.019
0.0 0.495
0.0 0.017
0.0 0.033
0.0 0.077
0.0 0.016
0.0 0.015
0.0 0.023
0.0 0.021
0.0 0.018
0.0 0.019
0.0 0.021
0.0 0.036
0.0 0.140
0.0 0.156
0.0 0.040
0.0 0.027
0.0 0.018
0.0 0.018
0.0 0.072
0.0 0.016
0.0 0.017
0.0 0.020
0.0 0.020
0.0 0.016
0.0 0.038
0.0 0.024
0.0 0.020
0.0 0.052
0.0 0.209
0.0 0.247
0.0 0.015
0.0 0.017
0.0 0.018
0.0 0.021
0.0 0.022
0.0 0.024
0.0 0.152
0.0 0.018
0.0 0.015
0.0 0.037
0.0 0.017
0.0 0.021
0.0 0.018
0.0 0.018
0.0 0.017
0.0 0.025
0.0 0.017
1.0 0.155
0.0 0.065
0.0 0.017
0.0 0.257
0.0 0.038
0.0 0.027
1.0 0.242
0.0 0.017
0.0 0.025
0.0 0.019
0.0 0.017
0.0 0.016
0.0 0.049
0.0 0.025
0.0 0.017
0.0 0.021
0.0 0.104
0.0 0.188
0.0 0.018
0.0 0.022
0.0 0.017
0.0 0.065
0.0 0.018
0.0 0.019
0.0 0.170
0.0 0.018
0.0 0.017
0.0 0.018
0.0 0.015
0.0 0.061
1.0 0.063
0.0 0.015
0.0 0.058
0.0 0.032
0.0 0.070
0.0 0.016
0.0 0.018
0.0 0.016
0.0 0.051
0.0 0.176
0.0 0.021
0.0 0.022
0.0 0.016
0.0 0.017
0.0 0.015
0.0 0.017
0.0 0.018
0.0 0.016
0.0 0.017
0.0 0.017
0.0 0.019
0.0 0.023
0.0 0.069
0.0 0.016
0.0 0.015
0.0 0.029
0.0 0.017
0.0 0.021
0.0 0.029
0.0 0.023
0.0 0.016
0.0 0.168
0.0 0.018
0.0 0.019
0.0 0.029
0.0 0.150
0.0 0.016
0.0 0.267
0.0 0.017
0.0 0.015
0.0 0.033
0.0 0.022
0.0 0.016
0.0 0.018
0.0 0.045
0.0 0.025
0.0 0.238
0.0 0.021
1.0 0.339
0.0 0.017
0.0 0.022
0.0 0.293
0.0 0.111
0.0 0.018
0.0 0.019
0.0 0.016
0.0 0.017
0.0 0.018
0.0 0.032
0.0 0.017
0.0 0.017
0.0 0.030
1.0 0.040
0.0 0.018
0.0 0.021
0.0 0.016
0.0 0.015
0.0 0.016
0.0 0.018
1.0 0.193
0.0 0.019
0.0 0.020
0.0 0.020
0.0 0.016
0.0 0.022
0.0 0.027
0.0 0.015
0.0 0.016
0.0 0.016
0.0 0.055
0.0 0.022
0.0 0.020
0.0 0.172
0.0 0.023
0.0 0.021
0.0 0.026
0.0 0.026
0.0 0.015
0.0 0.019
0.0 0.016
0.0 0.016
0.0 0.018
0.0 0.125
0.0 0.054
0.0 0.020
0.0 0.016
0.0 0.015
0.0 0.016
0.0 0.018
0.0 0.015
1.0 0.424
0.0 0.015
0.0 0.020
0.0 0.016
0.0 0.248
0.0 0.020
0.0 0.015
0.0 0.017
0.0 0.016
0.0 0.015
0.0 0.015
0.0 0.015
0.0 0.018
0.0 0.017
0.0 0.016
0.0 0.050
0.0 0.015
0.0 0.021
0.0 0.017
0.0 0.039
0.0 0.067
0.0 0.022
0.0 0.016
0.0 0.020
0.0 0.098
0.0 0.015
0.0 0.017
0.0 0.232
1.0 0.204
0.0 0.015
0.0 0.016
0.0 0.022
0.0 0.029
0.0 0.017
0.0 0.107
0.0 0.020
0.0 0.015
0.0 0.080
0.0 0.017
1.0 0.175
0.0 0.015
0.0 0.021
0.0 0.023
0.0 0.014
0.0 0.019
0.0 0.016
0.0 0.038
0.0 0.016
0.0 0.015
0.0 0.017
0.0 0.018
0.0 0.121
0.0 0.021
0.0 0.016
0.0 0.020
0.0 0.020
1.0 0.028
0.0 0.018
0.0 0.018
0.0 0.032
0.0 0.025
0.0 0.017
0.0 0.018
0.0 0.020
0.0 0.081
0.0 0.016
0.0 0.016
0.0 0.017
0.0 0.019
0.0 0.017
0.0 0.026
0.0 0.116
0.0 0.021
0.0 0.145
0.0 0.017
0.0 0.016
0.0 0.017
0.0 0.018
0.0 0.023
0.0 0.016
0.0 0.017
0.0 0.018
0.0 0.020
0.0 0.131
0.0 0.022
0.0 0.017
0.0 0.017
0.0 0.016
0.0 0.018
0.0 0.037
0.0 0.039
0.0 0.017
0.0 0.106
0.0 0.015
0.0 0.162
0.0 0.015
0.0 0.015
0.0 0.023
0.0 0.021
1.0 0.296
0.0 0.016
0.0 0.028
0.0 0.019
0.0 0.031
0.0 0.173
0.0 0.017
0.0 0.020
0.0 0.041
1.0 0.608
0.0 0.017
0.0 0.019
0.0 0.025
0.0 0.041
0.0 0.036
0.0 0.017
0.0 0.015
0.0 0.021
0.0 0.016
0.0 0.023
0.0 0.161
0.0 0.016
1.0 0.260
0.0 0.167
0.0 0.031
0.0 0.027
0.0 0.155
0.0 0.017
0.0 0.017
0.0 0.015
0.0 0.018
0.0 0.015
0.0 0.025
0.0 0.017
0.0 0.015
0.0 0.016
0.0 0.016
0.0 0.099
0.0 0.038
1.0 0.124
0.0 0.017
0.0 0.017
1.0 0.165
0.0 0.017
0.0 0.015
0.0 0.019
0.0 0.023
0.0 0.017
0.0 0.018
0.0 0.024
1.0 0.112
0.0 0.016
0.0 0.069
0.0 0.016
0.0 0.017
0.0 0.018
0.0 0.018
0.0 0.019
0.0 0.225
0.0 0.091
0.0 0.016
0.0 0.016
0.0 0.021
0.0 0.017
0.0 0.037
0.0 0.015
0.0 0.016
0.0 0.017
0.0 0.020
0.0 0.015
0.0 0.019
0.0 0.019
0.0 0.037
1.0 0.159
0.0 0.038
0.0 0.016
0.0 0.025
0.0 0.016
0.0 0.017
0.0 0.021
0.0 0.020
1.0 0.478
0.0 0.169
0.0 0.016
0.0 0.061
0.0 0.049
0.0 0.196
0.0 0.016
0.0 0.021
0.0 0.017
0.0 0.022
0.0 0.022
0.0 0.016
0.0 0.016
0.0 0.016
0.0 0.022
0.0 0.420
0.0 0.015
0.0 0.017
0.0 0.026
0.0 0.019
0.0 0.014
0.0 0.015
0.0 0.017
0.0 0.018
0.0 0.016
0.0 0.217
0.0 0.015
0.0 0.015
0.0 0.017
0.0 0.017
0.0 0.023
0.0 0.158
0.0 0.019
0.0 0.031
0.0 0.016
0.0 0.017
0.0 0.018
0.0 0.016
0.0 0.454
0.0 0.097
0.0 0.017
0.0 0.015
0.0 0.017
0.0 0.023
0.0 0.017
0.0 0.170
0.0 0.016
0.0 0.138
0.0 0.019
0.0 0.019
1.0 0.092
0.0 0.181
0.0 0.017
0.0 0.037
0.0 0.015
0.0 0.015
0.0 0.023
0.0 0.020
0.0 0.016
0.0 0.015
0.0 0.017
0.0 0.019
1.0 0.128
0.0 0.020
1.0 0.383
0.0 0.028
0.0 0.015
0.0 0.024
0.0 0.020
0.0 0.020
0.0 0.134
0.0 0.019
0.0 0.018
0.0 0.018
0.0 0.017
0.0 0.019
0.0 0.344
0.0 0.019
0.0 0.016
1.0 0.262
1.0 0.204
0.0 0.017
0.0 0.023
0.0 0.016
0.0 0.023
0.0 0.021
0.0 0.016
0.0 0.016
0.0 0.024
1.0 0.449
0.0 0.016
0.0 0.030
0.0 0.016
0.0 0.015
0.0 0.015
0.0 0.142
0.0 0.046
0.0 0.015
0.0 0.026
0.0 0.016
0.0 0.063
0.0 0.016
0.0 0.018
0.0 0.016
0.0 0.017
0.0 0.210
0.0 0.041
0.0 0.019
0.0 0.218
0.0 0.177
0.0 0.017
0.0 0.028
0.0 0.195
0.0 0.016
0.0 0.017
0.0 0.015
0.0 0.021
0.0 0.015
0.0 0.018
0.0 0.017
0.0 0.016
0.0 0.115
0.0 0.015
0.0 0.017
0.0 0.016
0.0 0.031
0.0 0.023
0.0 0.016
0.0 0.016
0.0 0.023
0.0 0.016
0.0 0.019
0.0 0.029
0.0 0.019
0.0 0.015
0.0 0.021
0.0 0.367
0.0 0.025
0.0 0.016
1.0 0.062
0.0 0.174
0.0 0.020
0.0 0.017
0.0 0.018
0.0 0.018
0.0 0.138
0.0 0.022
0.0 0.037
0.0 0.025
0.0 0.026
0.0 0.029
0.0 0.021
0.0 0.016
0.0 0.047
0.0 0.356
0.0 0.017
0.0 0.016
0.0 0.019
0.0 0.018
0.0 0.017
1.0 0.553
0.0 0.019
0.0 0.031
0.0 0.029
0.0 0.207
0.0 0.017
0.0 0.020
0.0 0.020
0.0 0.017
0.0 0.016
0.0 0.324
0.0 0.017
0.0 0.018
0.0 0.016
0.0 0.024
0.0 0.030
0.0 0.020
0.0 0.018
0.0 0.015
0.0 0.016
0.0 0.144
0.0 0.020
0.0 0.034
0.0 0.018
0.0 0.019
0.0 0.016
0.0 0.016
0.0 0.440
0.0 0.016
1.0 0.492
0.0 0.203
0.0 0.708
0.0 0.023
0.0 0.015
0.0 0.020
0.0 0.017
0.0 0.018
0.0 0.025
0.0 0.134
0.0 0.015
0.0 0.018
0.0 0.174
0.0 0.016
0.0 0.026
0.0 0.015
0.0 0.018
0.0 0.030
0.0 0.024
0.0 0.017
0.0 0.016
0.0 0.018
0.0 0.023
0.0 0.019
0.0 0.024
0.0 0.018
0.0 0.017
0.0 0.025
1.0 0.084
0.0 0.015
0.0 0.017
0.0 0.015
0.0 0.019
0.0 0.017
0.0 0.016
0.0 0.017
0.0 0.016
0.0 0.019
1.0 0.127
0.0 0.016
1.0 0.041
0.0 0.020
0.0 0.017
0.0 0.024
0.0 0.016
0.0 0.146
0.0 0.017
0.0 0.029
0.0 0.100
1.0 0.016
0.0 0.027
0.0 0.016
0.0 0.015
0.0 0.172
0.0 0.027
0.0 0.140
0.0 0.048
0.0 0.024
0.0 0.019
0.0 0.016
0.0 0.016
0.0 0.016
0.0 0.019
0.0 0.017
0.0 0.017
0.0 0.029
0.0 0.197
0.0 0.154
0.0 0.016
0.0 0.016
0.0 0.199
0.0 0.235
0.0 0.015
0.0 0.015
0.0 0.018
0.0 0.024
0.0 0.019
0.0 0.020
0.0 0.014
0.0 0.157
0.0 0.020
1.0 0.030
0.0 0.252
0.0 0.016
0.0 0.032
0.0 0.036
0.0 0.082
0.0 0.016
0.0 0.015
0.0 0.020
0.0 0.107
0.0 0.156
0.0 0.119
0.0 0.018
0.0 0.017
0.0 0.023
0.0 0.015
0.0 0.015
0.0 0.017
0.0 0.016
0.0 0.043
0.0 0.110
0.0 0.016
0.0 0.023
0.0 0.017
0.0 0.017
0.0 0.016
1.0 0.039
0.0 0.017
0.0 0.016
0.0 0.018
0.0 0.016
0.0 0.021
0.0 0.020
0.0 0.171
0.0 0.023
0.0 0.023
0.0 0.018
0.0 0.034
0.0 0.045
0.0 0.018
0.0 0.015
0.0 0.020
0.0 0.022
0.0 0.016
0.0 0.028
0.0 0.113
0.0 0.019
0.0 0.018
0.0 0.026
0.0 0.017
0.0 0.016
0.0 0.018
0.0 0.017
0.0 0.131
0.0 0.023
0.0 0.124
0.0 0.016
0.0 0.016
0.0 0.152
0.0 0.040
0.0 0.174
0.0 0.020
0.0 0.019
0.0 0.016
0.0 0.018
0.0 0.566
0.0 0.018
0.0 0.023
0.0 0.016
0.0 0.019
0.0 0.023
0.0 0.135
0.0 0.016
0.0 0.017
0.0 0.021
0.0 0.279
0.0 0.017
0.0 0.020
0.0 0.019
0.0 0.016
0.0 0.017
0.0 0.015
0.0 0.015
0.0 0.017
0.0 0.042
0.0 0.025
0.0 0.150
0.0 0.016
0.0 0.029
0.0 0.069
0.0 0.017
0.0 0.017
0.0 0.154
0.0 0.019
0.0 0.015
0.0 0.018
0.0 0.029
0.0 0.038
0.0 0.020
0.0 0.018
0.0 0.022
0.0 0.016
0.0 0.025
0.0 0.019
1.0 0.101
0.0 0.022
0.0 0.017
0.0 0.016
0.0 0.016
0.0 0.023
0.0 0.015
0.0 0.020
0.0 0.017
1.0 0.264
0.0 0.018
0.0 0.016
1.0 0.400
0.0 0.112
0.0 0.017
0.0 0.042
0.0 0.022
0.0 0.017
0.0 0.014
0.0 0.197
0.0 0.031
0.0 0.015
0.0 0.027
0.0 0.025
0.0 0.016
0.0 0.018
0.0 0.152
0.0 0.205
0.0 0.092
0.0 0.019
0.0 0.021
0.0 0.015
0.0 0.015
0.0 0.155
0.0 0.017
0.0 0.017
0.0 0.183
0.0 0.017
0.0 0.025
0.0 0.022
0.0 0.166
0.0 0.016
0.0 0.016
0.0 0.016
0.0 0.022
0.0 0.023
0.0 0.018
0.0 0.124
1.0 0.019
0.0 0.016
0.0 0.061
0.0 0.047
0.0 0.016
0.0 0.027
0.0 0.016
0.0 0.088
0.0 0.018
0.0 0.017
0.0 0.020
0.0 0.015
0.0 0.022
0.0 0.016
1.0 0.036
0.0 0.017
0.0 0.025
1.0 0.239
0.0 0.019
0.0 0.016
0.0 0.017
0.0 0.054
0.0 0.212
0.0 0.159
1.0 0.176
0.0 0.018
0.0 0.016
0.0 0.019
0.0 0.017
0.0 0.017
0.0 0.015
0.0 0.027
0.0 0.015
0.0 0.019
1.0 0.602
0.0 0.016
0.0 0.016
0.0 0.018
0.0 0.044
0.0 0.016
0.0 0.016
0.0 0.015
0.0 0.016
0.0 0.021
0.0 0.045
0.0 0.016
0.0 0.016
0.0 0.020
0.0 0.017
0.0 0.020
0.0 0.029
0.0 0.017
0.0 0.157
0.0 0.016
0.0 0.018
0.0 0.215
0.0 0.087
0.0 0.017
0.0 0.020
0.0 0.019
0.0 0.015
0.0 0.018
0.0 0.016
0.0 0.020
0.0 0.040
0.0 0.049
0.0 0.023
0.0 0.032
0.0 0.016
0.0 0.017
0.0 0.020
0.0 0.019
0.0 0.018
0.0 0.019
0.0 0.015
0.0 0.023
0.0 0.017
0.0 0.015
0.0 0.019
0.0 0.023
0.0 0.018
1.0 0.324
0.0 0.020
0.0 0.041
0.0 0.194
0.0 0.043
0.0 0.014
0.0 0.014
0.0 0.016
0.0 0.015
0.0 0.020
0.0 0.029
0.0 0.020
0.0 0.016
0.0 0.024
0.0 0.024
0.0 0.020
0.0 0.021
0.0 0.017
0.0 0.025
0.0 0.018
0.0 0.019
0.0 0.200
0.0 0.051
0.0 0.016
0.0 0.018
0.0 0.017
0.0 0.017
0.0 0.054
0.0 0.015
0.0 0.020
0.0 0.016
0.0 0.017
0.0 0.016
1.0 0.527
0.0 0.017
0.0 0.020
0.0 0.023
0.0 0.048
0.0 0.018
0.0 0.015
0.0 0.137
0.0 0.021
0.0 0.075
0.0 0.017
0.0 0.021
0.0 0.018
0.0 0.103
0.0 0.021
0.0 0.016
0.0 0.017
0.0 0.016
0.0 0.019
1.0 0.390
1.0 0.171
0.0 0.075
0.0 0.023
0.0 0.016
0.0 0.038
0.0 0.016
0.0 0.035
0.0 0.017
0.0 0.016
0.0 0.201
0.0 0.028
0.0 0.018
1.0 0.382
0.0 0.092
0.0 0.022
0.0 0.017
0.0 0.021
0.0 0.162
1.0 0.062
0.0 0.107
0.0 0.025
0.0 0.015
0.0 0.022
0.0 0.016
0.0 0.017
0.0 0.028
0.0 0.021
0.0 0.015
0.0 0.025
0.0 0.202
0.0 0.023
0.0 0.018
0.0 0.022
0.0 0.023
1.0 0.076
0.0 0.045
0.0 0.077
0.0 0.057
0.0 0.018
0.0 0.022
0.0 0.152
0.0 0.023
0.0 0.019
0.0 0.195
0.0 0.147
0.0 0.391
0.0 0.169
0.0 0.127
0.0 0.016
0.0 0.017
0.0 0.016
0.0 0.019
0.0 0.200
0.0 0.068
0.0 0.018
0.0 0.018
0.0 0.017
0.0 0.023
0.0 0.020
1.0 0.181
0.0 0.014
0.0 0.019
0.0 0.018
1.0 0.159
0.0 0.061
0.0 0.018
0.0 0.056
1.0 0.305
0.0 0.016
0.0 0.032
0.0 0.020
0.0 0.016
1.0 0.223
0.0 0.033
0.0 0.098
0.0 0.017
0.0 0.031
0.0 0.019
0.0 0.016
0.0 0.019
0.0 0.035
0.0 0.017
0.0 0.016
0.0 0.021
0.0 0.084
0.0 0.180
0.0 0.202
0.0 0.023
1.0 0.160
0.0 0.016
0.0 0.155
0.0 0.015
0.0 0.017
0.0 0.184
0.0 0.017
0.0 0.319
0.0 0.022
0.0 0.018
0.0 0.163
0.0 0.016
0.0 0.588
0.0 0.165
0.0 0.075
0.0 0.017
0.0 0.020
0.0 0.018
0.0 0.035
0.0 0.015
0.0 0.039
0.0 0.023
0.0 0.016
0.0 0.028
0.0 0.015
0.0 0.017
0.0 0.023
1.0 0.074
0.0 0.188
0.0 0.015
0.0 0.050
0.0 0.433
0.0 0.021
0.0 0.016
0.0 0.032
0.0 0.016
0.0 0.017
0.0 0.021
0.0 0.039
0.0 0.018
0.0 0.022
0.0 0.035
0.0 0.017
0.0 0.015
0.0 0.015
0.0 0.014
1.0 0.291
0.0 0.016
0.0 0.024
0.0 0.028
0.0 0.016
0.0 0.024
0.0 0.015
1.0 0.174
0.0 0.142
0.0 0.017
0.0 0.021
0.0 0.016
0.0 0.018
0.0 0.016
0.0 0.182
0.0 0.021
0.0 0.016
1.0 0.139
0.0 0.018
1.0 0.040
0.0 0.015
0.0 0.016
0.0 0.015
0.0 0.016
0.0 0.017
0.0 0.018
1.0 0.021
0.0 0.023
0.0 0.018
0.0 0.016
0.0 0.015
0.0 0.020
0.0 0.018
0.0 0.155
0.0 0.017
1.0 0.314
0.0 0.037
0.0 0.043
0.0 0.016
0.0 0.018
0.0 0.175
0.0 0.016
0.0 0.026
0.0 0.015
0.0 0.108
0.0 0.055
0.0 0.076
1.0 0.418
1.0 0.482
0.0 0.021
0.0 0.036
0.0 0.061
0.0 0.017
0.0 0.036
0.0 0.018
0.0 0.016
0.0 0.019
0.0 0.019
0.0 0.017
0.0 0.347
0.0 0.025
0.0 0.018
0.0 0.160
0.0 0.024
0.0 0.018
0.0 0.017
0.0 0.018
0.0 0.015
0.0 0.016
1.0 0.150
0.0 0.020
1.0 0.189
1.0 0.210
0.0 0.102
0.0 0.038
0.0 0.207
0.0 0.019
0.0 0.204
0.0 0.043
0.0 0.016
0.0 0.015
0.0 0.016
0.0 0.022
0.0 0.134
0.0 0.015
0.0 0.017
0.0 0.016
0.0 0.018
0.0 0.015
0.0 0.016
0.0 0.024
0.0 0.016
1.0 0.080
0.0 0.018
0.0 0.022
0.0 0.308
0.0 0.017
0.0 0.023
0.0 0.035
0.0 0.179
0.0 0.016
0.0 0.015
0.0 0.016
0.0 0.016
1.0 0.146
0.0 0.016
0.0 0.031
0.0 0.031
0.0 0.017
0.0 0.017
0.0 0.024
0.0 0.017
0.0 0.022
0.0 0.015
0.0 0.017
0.0 0.017
0.0 0.119
0.0 0.023
0.0 0.192
0.0 0.162
0.0 0.015
0.0 0.019
0.0 0.026
0.0 0.017
0.0 0.021
0.0 0.019
0.0 0.054
0.0 0.015
1.0 0.020
0.0 0.020
0.0 0.021
0.0 0.094
0.0 0.172
0.0 0.017
1.0 0.141
0.0 0.017
0.0 0.018
0.0 0.015
0.0 0.017
0.0 0.026
0.0 0.023
0.0 0.016
0.0 0.023
0.0 0.016
0.0 0.218
0.0 0.017
0.0 0.020
1.0 0.371
0.0 0.015
0.0 0.017
0.0 0.015
0.0 0.239
0.0 0.018
0.0 0.015
0.0 0.124
0.0 0.016
0.0 0.023
0.0 0.016
0.0 0.020
0.0 0.017
0.0 0.016
0.0 0.192
0.0 0.020
0.0 0.016
0.0 0.019
0.0 0.016
0.0 0.027
0.0 0.025
0.0 0.040
0.0 0.015
0.0 0.024
0.0 0.023
0.0 0.015
0.0 0.017
0.0 0.019
0.0 0.035
0.0 0.019
0.0 0.180
0.0 0.016
0.0 0.026
0.0 0.020
0.0 0.015
0.0 0.017
0.0 0.149
1.0 0.099
0.0 0.031
0.0 0.015
0.0 0.023
0.0 0.017
0.0 0.017
0.0 0.190
0.0 0.186
0.0 0.034
0.0 0.015
0.0 0.049
0.0 0.029
0.0 0.160
0.0 0.018
0.0 0.051
0.0 0.018
0.0 0.016
0.0 0.019
0.0 0.018
0.0 0.076
0.0 0.020
0.0 0.206
0.0 0.015
0.0 0.017
0.0 0.030
0.0 0.017
0.0 0.027
0.0 0.040
0.0 0.015
0.0 0.025
0.0 0.100
0.0 0.229
0.0 0.017
0.0 0.016
0.0 0.016
0.0 0.018
0.0 0.022
0.0 0.018
0.0 0.019
0.0 0.019
0.0 0.020
0.0 0.066
0.0 0.018
0.0 0.026
0.0 0.018
0.0 0.016
0.0 0.164
0.0 0.019
0.0 0.023
0.0 0.148
1.0 0.019
0.0 0.021
0.0 0.017
0.0 0.019
0.0 0.015
1.0 0.202
0.0 0.020
0.0 0.016
0.0 0.021
0.0 0.021
0.0 0.021
0.0 0.085
0.0 0.016
0.0 0.159
0.0 0.028
0.0 0.018
0.0 0.024
0.0 0.016
0.0 0.019
0.0 0.016
0.0 0.016
1.0 0.221
0.0 0.148
0.0 0.017
0.0 0.016
0.0 0.016
0.0 0.049
0.0 0.020
0.0 0.024
0.0 0.037
0.0 0.018
0.0 0.034
0.0 0.016
0.0 0.020
0.0 0.016
0.0 0.017
0.0 0.018
0.0 0.146
0.0 0.017
0.0 0.015
1.0 0.186
0.0 0.015
0.0 0.021
0.0 0.033
0.0 0.017
0.0 0.238
0.0 0.077
0.0 0.239
0.0 0.015
0.0 0.019
0.0 0.044
1.0 0.177
0.0 0.019
0.0 0.092
0.0 0.019
0.0 0.016
0.0 0.081
1.0 0.239
0.0 0.019
1.0 0.031
0.0 0.015
0.0 0.028
0.0 0.233
0.0 0.014
0.0 0.019
0.0 0.016
0.0 0.017
0.0 0.018
0.0 0.018
0.0 0.019
0.0 0.023
1.0 0.176
0.0 0.018
0.0 0.016
0.0 0.027
0.0 0.021
0.0 0.024
0.0 0.017
0.0 0.032
0.0 0.052
0.0 0.149
0.0 0.016
0.0 0.020
0.0 0.015
0.0 0.097
0.0 0.037
0.0 0.019
0.0 0.016
0.0 0.028
0.0 0.018
0.0 0.018
0.0 0.183
0.0 0.015
0.0 0.016
0.0 0.018
1.0 0.178
1.0 0.017
0.0 0.029
0.0 0.017
0.0 0.419
0.0 0.023
0.0 0.445
0.0 0.018
0.0 0.021
0.0 0.019
1.0 0.151
0.0 0.017
0.0 0.025
0.0 0.015
0.0 0.167
0.0 0.019
0.0 0.076
0.0 0.383
0.0 0.018
0.0 0.058
0.0 0.086
0.0 0.016
0.0 0.017
0.0 0.017
0.0 0.017
0.0 0.016
0.0 0.021
0.0 0.187
0.0 0.315
0.0 0.161
0.0 0.017
0.0 0.018
0.0 0.016
0.0 0.017
0.0 0.031
0.0 0.015
0.0 0.016
0.0 0.016
0.0 0.040
0.0 0.020
