0.0 0.131
0.0 0.118
0.0 0.280
0.0 0.255
0.0 0.137
0.0 0.072
0.0 0.417
0.0 0.081
0.0 0.216
0.0 0.142
0.0 0.169
0.0 0.366
0.0 0.092
0.0 0.154
0.0 0.305
0.0 0.076
0.0 0.509
0.0 0.133
0.0 0.162
0.0 0.072
0.0 0.214
0.0 0.139
0.0 0.193
0.0 0.391
0.0 0.077
0.0 0.076
0.0 0.145
0.0 0.234
0.0 0.150
0.0 0.417
0.0 0.080
0.0 0.151
0.0 0.110
0.0 0.100
0.0 0.402
0.0 0.111
0.0 0.087
0.0 0.110
0.0 0.080
0.0 0.098
0.0 0.331
0.0 0.120
0.0 0.135
0.0 0.082
0.0 0.054
0.0 0.090
0.0 0.133
0.0 0.059
0.0 0.352
0.0 0.144
0.0 0.142
0.0 0.136
0.0 0.069
0.0 0.340
0.0 0.094
0.0 0.153
0.0 0.088
0.0 0.066
0.0 0.071
0.0 0.182
0.0 0.111
0.0 0.217
0.0 0.183
0.0 0.108
0.0 0.081
1.0 0.440
1.0 0.654
1.0 0.358
1.0 0.275
1.0 0.612
1.0 0.368
1.0 0.324
1.0 0.797
1.0 0.146
1.0 0.275
1.0 0.705
1.0 0.647
1.0 0.641
1.0 0.814
1.0 0.637
1.0 0.247
1.0 0.814
1.0 0.421
1.0 0.616
1.0 0.238
1.0 0.212
1.0 0.784
1.0 0.772
1.0 0.497
1.0 0.707
1.0 0.361
1.0 0.802
1.0 0.816
1.0 0.202
1.0 0.764
1.0 0.513
1.0 0.501
1.0 0.719
1.0 0.689
1.0 0.821
1.0 0.475
1.0 0.409
1.0 0.761
1.0 0.635
1.0 0.411
1.0 0.242
1.0 0.623
1.0 0.871
1.0 0.400
1.0 0.384
1.0 0.825
1.0 0.776
1.0 0.800
1.0 0.245
1.0 0.797
1.0 0.697
1.0 0.449
1.0 0.847
1.0 0.144
1.0 0.813
1.0 0.728
1.0 0.303
1.0 0.884
1.0 0.797
1.0 0.575
1.0 0.355
1.0 0.849
1.0 0.786
1.0 0.343
1.0 0.839
1.0 0.862
1.0 0.714
