1.0 0.916
1.0 0.925
1.0 0.836
1.0 0.527
1.0 0.502
1.0 0.954
1.0 0.194
1.0 0.108
1.0 0.150
1.0 0.076
1.0 0.389
1.0 0.969
1.0 0.351
1.0 0.958
1.0 0.267
1.0 0.907
1.0 0.925
1.0 0.185
1.0 0.983
1.0 0.455
1.0 0.552
1.0 0.961
1.0 0.412
1.0 0.026
1.0 0.737
1.0 0.965
1.0 0.856
1.0 0.695
1.0 0.783
1.0 0.616
1.0 0.873
1.0 0.835
1.0 0.897
1.0 0.840
1.0 0.477
1.0 0.920
1.0 0.057
1.0 0.796
1.0 0.589
1.0 0.763
1.0 0.815
1.0 0.253
1.0 0.106
1.0 0.993
1.0 0.997
1.0 0.993
1.0 0.881
1.0 0.296
1.0 0.324
1.0 0.597
1.0 0.915
1.0 0.067
1.0 0.601
1.0 0.547
1.0 0.957
1.0 0.955
1.0 0.379
1.0 0.853
1.0 0.890
1.0 0.778
1.0 0.988
1.0 0.100
1.0 0.810
1.0 0.630
0.0 0.001
0.0 0.001
0.0 0.059
0.0 0.014
0.0 0.065
0.0 0.000
0.0 0.048
0.0 0.001
0.0 0.024
0.0 0.635
0.0 0.741
0.0 0.456
0.0 0.633
0.0 0.003
0.0 0.000
0.0 0.001
0.0 0.010
1.0 0.632
1.0 0.658
1.0 0.252
1.0 0.019
1.0 0.078
1.0 0.480
1.0 0.920
1.0 0.922
1.0 0.947
1.0 0.216
1.0 0.479
1.0 0.959
1.0 0.863
1.0 0.060
1.0 0.140
1.0 0.004
0.0 0.012
0.0 0.136
0.0 0.230
0.0 0.742
0.0 0.008
0.0 0.161
0.0 0.472
0.0 0.189
0.0 0.314
0.0 0.797
0.0 0.008
0.0 0.209
0.0 0.006
0.0 0.024
0.0 0.039
0.0 0.410
1.0 0.626
1.0 0.043
1.0 0.025
1.0 0.752
1.0 0.137
1.0 0.559
1.0 0.659
1.0 0.605
1.0 0.814
1.0 0.367
1.0 0.737
1.0 0.091
1.0 0.527
1.0 0.678
1.0 0.706
1.0 0.544
1.0 0.696
1.0 0.870
1.0 0.551
1.0 0.961
1.0 0.069
1.0 0.121
1.0 0.013
1.0 0.296
1.0 0.521
1.0 0.005
1.0 0.217
1.0 0.465
1.0 0.080
1.0 0.638
1.0 0.913
1.0 0.058
1.0 0.988
1.0 0.859
1.0 0.613
1.0 0.395
1.0 0.090
1.0 0.774
1.0 0.684
1.0 0.172
1.0 0.031
1.0 0.969
1.0 0.461
1.0 0.019
1.0 0.460
1.0 0.957
1.0 0.954
1.0 0.425
1.0 0.090
1.0 0.937
1.0 0.520
1.0 0.874
1.0 0.936
1.0 0.994
1.0 0.973
1.0 0.838
1.0 0.110
1.0 0.017
1.0 0.093
