1.0 0.786
1.0 0.611
1.0 0.353
1.0 0.664
1.0 0.817
1.0 0.763
1.0 0.927
1.0 0.179
1.0 0.854
1.0 0.191
1.0 0.762
1.0 0.990
1.0 0.869
1.0 0.984
1.0 0.399
1.0 0.712
1.0 0.938
1.0 0.769
1.0 0.992
1.0 0.866
1.0 0.280
1.0 0.540
1.0 0.628
1.0 0.584
1.0 0.945
1.0 0.965
1.0 0.983
1.0 0.840
1.0 0.950
1.0 0.972
1.0 0.761
1.0 0.914
1.0 0.990
1.0 0.997
1.0 0.471
1.0 0.795
1.0 0.945
1.0 0.907
1.0 0.189
1.0 0.486
1.0 0.715
1.0 0.579
1.0 0.906
1.0 0.878
1.0 0.418
1.0 0.703
1.0 0.914
1.0 0.948
1.0 0.884
1.0 0.672
1.0 0.950
1.0 0.193
1.0 0.509
1.0 0.607
1.0 0.471
1.0 0.987
1.0 0.859
1.0 0.816
1.0 0.695
1.0 0.763
1.0 0.964
1.0 0.208
1.0 0.332
1.0 0.398
0.0 0.041
0.0 0.053
0.0 0.048
0.0 0.655
0.0 0.672
0.0 0.408
0.0 0.186
0.0 0.118
0.0 0.069
0.0 0.941
0.0 0.980
0.0 0.952
0.0 0.889
0.0 0.197
0.0 0.444
0.0 0.099
0.0 0.271
1.0 0.912
1.0 0.867
1.0 0.746
1.0 0.847
1.0 0.308
1.0 0.411
1.0 0.646
1.0 0.769
1.0 0.850
1.0 0.344
1.0 0.390
1.0 0.793
1.0 0.626
1.0 0.108
1.0 0.028
1.0 0.257
0.0 0.421
0.0 0.541
0.0 0.716
0.0 0.690
0.0 0.029
0.0 0.387
0.0 0.368
0.0 0.778
0.0 0.486
0.0 0.177
0.0 0.065
0.0 0.182
0.0 0.025
0.0 0.165
0.0 0.393
0.0 0.013
1.0 0.645
1.0 0.150
1.0 0.222
1.0 0.940
1.0 0.762
1.0 0.851
1.0 0.955
1.0 0.870
1.0 0.625
1.0 0.776
1.0 0.794
1.0 0.564
1.0 0.214
1.0 0.980
1.0 0.368
1.0 0.949
1.0 0.239
1.0 0.570
1.0 0.893
1.0 0.970
1.0 0.859
1.0 0.909
1.0 0.129
1.0 0.041
1.0 0.892
1.0 0.064
1.0 0.165
1.0 0.905
1.0 0.890
1.0 0.813
1.0 0.473
1.0 0.366
1.0 0.328
1.0 0.909
1.0 0.707
1.0 0.123
1.0 0.732
1.0 0.933
1.0 0.833
1.0 0.691
1.0 0.729
1.0 0.907
1.0 0.911
1.0 0.879
1.0 0.835
1.0 0.995
1.0 0.731
1.0 0.888
1.0 0.537
1.0 0.968
1.0 0.591
1.0 0.943
1.0 0.968
1.0 0.992
1.0 0.913
1.0 0.881
1.0 0.431
1.0 0.088
1.0 0.317
